0.96446195 1.68888476 103.00000000     0.000000
0.96446195 1.68888476 103.31658291     0.034596
0.96446195 1.68888476 102.61306533     1.785371
0.96446195 1.68888476 104.00000000     4.668374
0.96446195 1.68888476 104.02010050     4.898576
0.96446195 1.68888476 102.00000000     8.755274
0.96446195 1.68888476 101.90954774    10.215598
0.96446195 1.68888476 104.72361809    16.312197
0.96446195 1.68888476 105.00000000    22.573848
0.96446195 1.68888476 101.20603015    25.389694
0.96446195 1.68888476 101.00000000    31.119467
0.96446195 1.68888476 105.42713568    34.210104
0.96446195 1.68888476 105.50000000    36.431758
0.96446195 1.68888476 100.50251256    47.371789
0.96446195 1.68888476 100.50000000    47.462554
0.96446195 1.68888476 106.00000000    53.528346
0.96446195 1.68888476 106.13065327    58.526589
0.96446195 1.68888476 100.00000000    67.276760
0.96446195 1.68888476  99.79899497    76.225621
0.96446195 1.68888476 106.83417085    89.195565
0.96446195 1.68888476 107.00000000    97.342723
0.96446195 1.68888476  99.09547739   112.014517
0.96446195 1.68888476 107.53768844   126.150874
0.96446195 1.68888476 108.00000000   153.826340
0.96446195 1.68888476  98.39195980   154.801677
0.96446195 1.68888476 108.24120603   169.325643
0.96446195 1.68888476  98.00000000   181.699155
0.96446195 1.68888476  98.00000000   181.699155
0.96446195 1.68888476  97.68844221   204.649811
0.96446195 1.68888476 108.94472362   218.652956
0.96446195 1.68888476  96.98492462   261.621288
0.96446195 1.68888476 109.64824121   274.065449
0.96446195 1.68888476  96.28140704   325.778089
0.96446195 1.68888476 110.35175879   335.495485
0.96446195 1.68888476 110.50000000   349.200822
0.96446195 1.68888476  95.57788945   397.181903
0.96446195 1.68888476 111.05527638   402.874895
0.96446195 1.68888476  95.50000000   405.535559
0.96446195 1.68888476  94.87437186   475.894031
0.96446195 1.68888476 111.75879397   476.135403
0.96446195 1.68888476 112.46231156   555.208150
0.96446195 1.68888476  94.17085427   561.975338
0.96446195 1.68888476 113.16582915   640.023876
0.96446195 1.68888476  93.46733668   655.486549
0.96446195 1.68888476  93.00000000   721.741337
0.96446195 1.68888476 113.86934673   730.512948
0.96446195 1.68888476  92.76381910   756.487760
0.96446195 1.68888476 114.57286432   826.605281
0.96446195 1.68888476  92.06030151   865.038889
0.96446195 1.68888476 115.27638191   928.230330
0.96446195 1.68888476 115.50000000   961.679935
0.96446195 1.68888476  91.35678392   981.199355
0.96446195 1.68888476 115.97989950  1035.317108
0.96446195 1.68888476  90.65326633  1105.028480
0.96446195 1.68888476  90.50000000  1133.028613
0.96446195 1.68888476 116.68341709  1147.794009
0.96446195 1.68888476  89.94974874  1236.585057
0.96446195 1.68888476 117.38693467  1265.588856
0.96446195 1.68888476 118.00000000  1372.518405
0.96446195 1.68888476  89.24623116  1375.927687
0.96446195 1.68888476 118.09045226  1388.629168
0.96446195 1.68888476 118.79396985  1516.841323
0.96446195 1.68888476  88.54271357  1523.114666
0.96446195 1.68888476  88.00000000  1642.055346
0.96446195 1.68888476 119.49748744  1650.151483
0.96446195 1.68888476  87.83919598  1678.204075
0.96446195 1.68888476 120.20100503  1788.484987
0.96446195 1.68888476  87.13567839  1841.253873
0.96446195 1.68888476 120.50000000  1848.779445
0.96446195 1.68888476 120.90452261  1931.766475
0.96446195 1.68888476  86.43216080  2012.321785
0.96446195 1.68888476 121.60804020  2079.919722
0.96446195 1.68888476  85.72864322  2191.465471
0.96446195 1.68888476 122.31155779  2232.867747
0.96446195 1.68888476  85.50000000  2251.435680
0.96446195 1.68888476  85.02512563  2378.742783
0.96446195 1.68888476 123.00000000  2387.105375
0.96446195 1.68888476 123.01507538  2390.532835
0.96446195 1.68888476 123.71859296  2552.836072
0.96446195 1.68888476  84.32160804  2574.211416
0.96446195 1.68888476 124.42211055  2719.697901
0.96446195 1.68888476  83.61809045  2777.929541
0.96446195 1.68888476 125.12562814  2891.037523
0.96446195 1.68888476  83.00000000  2963.764307
0.96446195 1.68888476 125.50000000  2984.012013
0.96446195 1.68888476  82.91457286  2989.955396
0.96446195 1.68888476 125.82914573  3066.773176
0.96446195 1.68888476  82.21105528  3210.347998
0.96446195 1.68888476 126.53266332  3246.822096
0.96446195 1.68888476 127.23618090  3431.100103
0.96446195 1.68888476  81.50753769  3439.166890
0.96446195 1.68888476 127.93969849  3619.521982
0.96446195 1.68888476 128.00000000  3635.862463
0.96446195 1.68888476  80.80402010  3676.472450
0.96446195 1.68888476  80.50000000  3781.663914
0.96446195 1.68888476 128.64321608  3812.001177
0.96446195 1.68888476  80.10050251  3922.326287
0.96446195 1.68888476 129.34673367  4008.449919
0.96446195 1.68888476  79.39698492  4176.791166
0.96446195 1.68888476 130.05025126  4208.778870
0.96446195 1.68888476 130.75376884  4412.897283
0.96446195 1.68888476  78.69346734  4439.931885
0.96446195 1.68888476 131.45728643  4620.712869
0.96446195 1.68888476  78.00000000  4707.869332
0.96446195 1.68888476  77.98994975  4711.815179
0.96446195 1.68888476 132.16080402  4832.131869
0.96446195 1.68888476  77.28643216  4992.509870
0.96446195 1.68888476 132.86432161  5047.058691
0.96446195 1.68888476 133.00000000  5088.904225
0.96446195 1.68888476 133.56783920  5265.396190
0.96446195 1.68888476  76.58291457  5282.088047
0.96446195 1.68888476 134.27135678  5487.045275
0.96446195 1.68888476  75.87939698  5580.624592
0.96446195 1.68888476 134.97487437  5711.905106
0.96446195 1.68888476  75.17587940  5888.199052
0.96446195 1.68888476 135.67839196  5939.872859
0.96446195 1.68888476 136.38190955  6170.843703
0.96446195 1.68888476  74.47236181  6204.894793
0.96446195 1.68888476 137.08542714  6404.710681
0.96446195 1.68888476  73.76884422  6530.800479
0.96446195 1.68888476 137.78894472  6641.364897
0.96446195 1.68888476 138.00000000  6712.888103
0.96446195 1.68888476  73.06532663  6866.010722
0.96446195 1.68888476 138.49246231  6880.694812
0.96446195 1.68888476  73.00000000  6897.613019
0.96446195 1.68888476 139.19597990  7122.587068
0.96446195 1.68888476  72.36180905  7210.626688
0.96446195 1.68888476 139.89949749  7366.925597
0.96446195 1.68888476  71.65829146  7564.757173
0.96446195 1.68888476 140.60301508  7613.591985
0.96446195 1.68888476 141.30653266  7862.465354
0.96446195 1.68888476  70.95477387  7928.519435
0.96446195 1.68888476 142.01005025  8113.422240
0.96446195 1.68888476  70.25125628  8302.039980
0.96446195 1.68888476 142.71356784  8366.336383
0.96446195 1.68888476 143.00000000  8469.839704
0.96446195 1.68888476 143.41708543  8621.078986
0.96446195 1.68888476  69.54773869  8685.455408
0.96446195 1.68888476 144.12060302  8877.518365
0.96446195 1.68888476  68.84422111  9078.916429
0.96446195 1.68888476 144.82412060  9135.519922
0.96446195 1.68888476 145.52763819  9394.946206
0.96446195 1.68888476  68.14070352  9482.585162
0.96446195 1.68888476  68.00000000  9564.559065
0.96446195 1.68888476 146.23115578  9655.656590
0.96446195 1.68888476  67.43718593  9896.637950
0.96446195 1.68888476 146.93467337  9917.507582
0.96446195 1.68888476 147.63819095 10180.352229
0.96446195 1.68888476 148.00000000 10315.867497
0.96446195 1.68888476  66.73366834 10321.268089
0.96446195 1.68888476 148.34170854 10444.040299
0.96446195 1.68888476 149.04522613 10708.418056
0.96446195 1.68888476  66.03015075 10756.686780
0.96446195 1.68888476 149.74874372 10973.328079
0.96446195 1.68888476  65.32663317 11203.124190
0.96446195 1.68888476 150.45226131 11238.608697
0.96446195 1.68888476 151.15577889 11504.094188
0.96446195 1.68888476  64.62311558 11660.833214
0.96446195 1.68888476 151.85929648 11769.613793
0.96446195 1.68888476 152.56281407 12034.991194
0.96446195 1.68888476  63.91959799 12130.089686
0.96446195 1.68888476 153.00000000 12199.752584
0.96446195 1.68888476 153.26633166 12300.043936
0.96446195 1.68888476 153.96984925 12564.582041
0.96446195 1.68888476  63.21608040 12611.195271
0.96446195 1.68888476  63.00000000 12761.392184
0.96446195 1.68888476 154.67336683 12828.407042
0.96446195 1.68888476 155.37688442 13091.310108
0.96446195 1.68888476  62.51256281 13104.480131
0.96446195 1.68888476 156.08040201 13353.070114
0.96446195 1.68888476  61.80904523 13610.304790
0.96446195 1.68888476 156.78391960 13613.451569
0.96446195 1.68888476 157.48743719 13872.201624
0.96446195 1.68888476 158.19095477 14129.047767
0.96446195 1.68888476  61.10552764 14129.063549
0.96446195 1.68888476 158.89447236 14383.694580
0.96446195 1.68888476 159.59798995 14635.821464
0.96446195 1.68888476  60.40201005 14661.186892
0.96446195 1.68888476 160.30150754 14885.080350
0.96446195 1.68888476 161.00502513 15131.094667
0.96446195 1.68888476  59.69849246 15207.143716
0.96446195 1.68888476 161.70854271 15373.459339
0.96446195 1.68888476 162.41206030 15611.742738
0.96446195 1.68888476  58.99497487 15767.445117
0.96446195 1.68888476 163.00000000 15807.419510
0.96446195 1.68888476 163.11557789 15845.489706
0.96446195 1.68888476 163.81909548 16074.226999
0.96446195 1.68888476 164.52261307 16297.468918
0.96446195 1.68888476  58.29145729 16342.647735
0.96446195 1.68888476 165.22613065 16514.724631
0.96446195 1.68888476  58.00000000 16585.452331
0.96446195 1.68888476 165.92964824 16725.504867
0.96446195 1.68888476 166.63316583 16929.327983
0.96446195 1.68888476  57.58793970 16933.356678
0.96446195 1.68888476 167.33668342 17125.725329
0.96446195 1.68888476 168.04020101 17314.245163
0.96446195 1.68888476 168.74371859 17494.455279
0.96446195 1.68888476  56.88442211 17540.228969
0.96446195 1.68888476 169.44723618 17665.943476
0.96446195 1.68888476 170.15075377 17828.319273
0.96446195 1.68888476 170.85427136 17981.213225
0.96446195 1.68888476 171.55778894 18124.277024
0.96446195 1.68888476  56.18090452 18163.976642
0.96446195 1.68888476 172.26130653 18257.183482
0.96446195 1.68888476 172.96482412 18379.625946
0.96446195 1.68888476 173.00000000 18385.468207
0.96446195 1.68888476 173.66834171 18491.319384
0.96446195 1.68888476 174.37185930 18592.000602
0.96446195 1.68888476 175.07537688 18681.429278
0.96446195 1.68888476 175.77889447 18759.389031
0.96446195 1.68888476  55.47738693 18805.371446
0.96446195 1.68888476 176.48241206 18825.688815
0.96446195 1.68888476 177.18592965 18880.164029
0.96446195 1.68888476 177.88944724 18922.677852
0.96446195 1.68888476 178.59296482 18953.122784
0.96446195 1.68888476 179.29648241 18971.420989
0.96446195 1.68888476 179.40000000 18973.085060
0.96446195 1.68888476 179.50000000 18974.441800
0.96446195 1.68888476 179.60000000 18975.551851
0.96446195 1.68888476 179.70000000 18976.415324
0.96446195 1.68888476 179.80000000 18977.032112
0.96446195 1.68888476 179.90000000 18977.402220
0.96446195 1.68888476 179.91000000 18977.425686
0.96446195 1.68888476 179.92000000 18977.446643
0.96446195 1.68888476 179.93000000 18977.465160
0.96446195 1.68888476 179.94000000 18977.481193
0.96446195 1.68888476 179.96000000 18977.505852
0.96446195 1.68888476 179.97000000 18977.514515
0.96446195 1.68888476 179.98000000 18977.520666
0.96446195 1.68888476 179.99000000 18977.524377
0.96446195 1.68888476  54.77386935 19465.247611
0.96446195 1.68888476  54.07035176 20144.505898
0.96446195 1.68888476  53.36683417 20844.117354
0.96446195 1.68888476  53.00000000 21217.333405
0.96446195 1.68888476  52.66331658 21565.127099
0.96446195 1.68888476  51.95979899 22308.658126
0.96446195 1.68888476  51.25628141 23075.914464
0.96446195 1.68888476  50.55276382 23868.185441
0.96446195 1.68888476  49.84924623 24686.848433
0.96446195 1.68888476  49.14572864 25533.372076
0.96446195 1.68888476  48.44221106 26409.319116
0.96446195 1.68888476  47.73869347 27316.348881
0.96446195 1.68888476  47.03517588 28256.219355
0.96446195 1.68888476  46.33165829 29230.788573
0.96446195 1.68888476  45.62814070 30242.015995
0.96446195 1.68888476  44.92462312 31292.121411
0.96446195 1.68888476  44.22110553 32382.945195
0.96446195 1.68888476  43.51758794 33516.914024
0.96446195 1.68888476  43.00000000 34380.110925
0.96446195 1.68888476  42.81407035 34696.390617
0.96446195 1.68888476  42.11055276 35923.834625
0.96446195 1.68888476  41.40703518 37201.799083
0.96446195 1.68888476  40.70351759 38532.926461
0.96446195 1.68888476  40.00000000 39919.943632