    1    1    0  A'         0.0000       0.0000       0.0000   0.33E-03    0   0  0  0
    2    2    0  A'       724.3582     724.4087      -0.0505   0.73E-08    0   0  1  0
    3    3    0  A'      1238.6247    1238.6590      -0.0343   0.21E-07    0   0  0  1
    4    7    0  A'      2461.2240    2461.2222       0.0018   0.81E-08    0   0  0  2
    5   13    0  A'      3609.4797    3609.4456       0.0342   0.14E-08    0   1  0  0
    6   18    0  A'      4331.9090    4331.9394      -0.0304   0.53E-08    0   1  1  0
    7   36    0  A'      6013.8361    6014.0457      -0.2096   0.12E-08    0   1  0  2
    8  130    0  A'     10322.2895   10322.2723       0.0173   0.14E-08    0   3  0  0
    9  170    0  A'     11478.0014   11478.1617      -0.1603   0.21E-08    0   3  0  1
   10  222    0  A'     12612.5164   12612.6138      -0.0974   0.83E-09    0   3  0  2
   11  261    0  A'     13427.3974   13427.4282      -0.0308   0.62E-08    0   4  0  0
   12    1    1  A'        20.9634      20.9634       0.0000   0.46E-03    1   0  0  0
   13    2    1  A'       745.2871     745.3339      -0.0468   0.14E-07    1   0  1  0
   14    3    1  A'      1260.3491    1260.3806      -0.0315   0.28E-07    1   0  0  1
   15    7    1  A'      2483.8053    2483.8095      -0.0042   0.15E-07    1   0  0  2
   16   22    1  A'      4841.3088    4841.3179      -0.0091   0.37E-08    1   1  0  1
   17  130    1  A'     10340.9209   10340.8935       0.0274   0.69E-09    1   3  0  0
   18  170    1  A'     11497.2471   11497.3821      -0.1349   0.21E-08    1   3  0  1
   19  221    1  A'     12632.4471   12632.4838      -0.0366   0.83E-09    1   3  0  2
   20  261    1  A'     13445.2802   13445.3151      -0.0349   0.41E-08    1   4  0  0
   21    1    1  A"         0.9954       0.9954       0.0000   0.32E+00    0   0  0  0
   22    2    1  A"        20.9504      20.9504       0.0001   0.46E-03    1   0  0  0
   23    3    1  A"       725.3444     725.3938      -0.0494   0.15E-07    0   0  1  0
   24    4    1  A"       745.2742     745.3210      -0.0468   0.16E-07    1   0  1  0
   25    5    1  A"      1239.6170    1239.6509      -0.0339   0.42E-07    0   0  0  1
   26    6    1  A"      1260.3347    1260.3663      -0.0316   0.28E-07    1   0  0  1
   27   13    1  A"      2462.2127    2462.2107       0.0020   0.24E-07    0   0  0  2
   28   14    1  A"      2483.7893    2483.7938      -0.0045   0.71E-08    1   0  0  2
   29   35    1  A"      4332.8930    4332.9228      -0.0298   0.53E-08    0   1  1  0
   30   43    1  A"      4821.4224    4821.4346      -0.0123   0.38E-08    0   1  0  1
   31   45    1  A"      4841.2954    4841.3032      -0.0078   0.37E-08    1   1  0  1
   32   70    1  A"      6014.8196    6015.0320      -0.2124   0.24E-08    0   1  0  2
   33   73    1  A"      6035.5526    6035.7398      -0.1871   0.12E-08    1   1  0  2
   34  259    1  A"     10323.2913   10323.2627       0.0286   0.28E-08    0   3  0  0
   35  261    1  A"     10340.8819   10340.8792       0.0027   0.69E-09    1   3  0  0
   36  339    1  A"     11478.9943   11479.1478      -0.1536   0.21E-08    0   3  0  1
   37  342    1  A"     11497.2271   11497.3664      -0.1393   0.21E-08    1   3  0  1
   38  440    1  A"     12613.5376   12613.5965      -0.0589   0.21E-08    0   3  0  2
   39  443    1  A"     12632.4081   12632.4665      -0.0585   0.21E-08    1   3  0  2
   40  518    1  A"     13428.3773   13428.4178      -0.0405   0.42E-08    0   4  0  0
   41  522    1  A"     13445.2674   13445.3004      -0.0330   0.21E-08    1   4  0  0
   42    1    2  A'         2.9863       2.9863       0.0000   0.23E+00    0   0  0  0
   43    2    2  A'        22.9281      22.9280       0.0001   0.77E-03    1   0  0  0
   44    3    2  A'        82.7797      82.7796       0.0001   0.44E-03    2   0  0  0
   45    4    2  A'       727.3169     727.3641      -0.0471   0.17E-07    0   0  1  0
   46    5    2  A'       747.2334     747.2781      -0.0447   0.31E-07    1   0  1  0
   47    6    2  A'       807.0093     807.0465      -0.0373   0.51E-07    2   0  1  0
   48    7    2  A'      1241.6022    1241.6345      -0.0323   0.31E-07    0   0  0  1
   49    8    2  A'      1262.3055    1262.3355      -0.0299   0.37E-07    1   0  0  1
   50    9    2  A'      1324.4300    1324.4540      -0.0240   0.25E-07    2   0  0  1
   51   19    2  A'      2464.1920    2464.1876       0.0044   0.41E-07    0   0  0  2
   52   20    2  A'      2485.7536    2485.7549      -0.0014   0.41E-07    1   0  0  2
   53   21    2  A'      2550.4351    2550.4542      -0.0192   0.30E-07    2   0  0  2
   54   52    2  A'      4334.8620    4334.8896      -0.0276   0.53E-08    0   1  1  0
   55   53    2  A'      4353.9865    4354.0132      -0.0267   0.51E-08    1   1  1  0
   56   64    2  A'      4823.4028    4823.4142      -0.0113   0.76E-08    0   1  0  1
   57   66    2  A'      4843.2643    4843.2678      -0.0035   0.15E-07    1   1  0  1
   58   70    2  A'      4902.8512    4902.8451       0.0061   0.15E-07    2   1  0  1
   59  104    2  A'      6016.7941    6017.0048      -0.2107   0.12E-08    0   1  0  2
   60  107    2  A'      6037.5196    6037.6963      -0.1766   0.24E-08    1   1  0  2
   61  110    2  A'      6099.5948    6099.7048      -0.1100   0.61E-09    2   1  0  2
   62  151    2  A'      7071.1583    7071.2111      -0.0528   0.20E-07    1   2  0  0
   63  154    2  A'      7126.3005    7126.3420      -0.0415   0.19E-07    2   2  0  0
   64  385    2  A'     10325.2666   10325.2436       0.0230   0.28E-08    0   3  0  0
   65  388    2  A'     10342.8794   10342.8457       0.0338   0.69E-09    1   3  0  0
   66  394    2  A'     10395.7370   10395.6933       0.0437   0.14E-08    2   3  0  0
   67  506    2  A'     11480.9690   11481.1196      -0.1506   0.42E-08    0   3  0  1
   68  510    2  A'     11499.1750   11499.3234      -0.1485   0.72E-09    1   3  0  1
   69  657    2  A'     12615.5110   12615.5619      -0.0509   0.30E-08    0   3  0  2
   70  660    2  A'     12634.3634   12634.4139      -0.0506   0.41E-08    1   3  0  2
   71  665    2  A'     12690.9399   12690.9610      -0.0211   0.21E-08    2   3  0  2
   72  772    2  A'     13430.3692   13430.3967      -0.0276   0.83E-08    0   4  0  0
   73  777    2  A'     13447.2414   13447.2645      -0.0231   0.41E-08    1   4  0  0
   74  788    2  A'     13497.8888   13497.9168      -0.0280   0.62E-08    2   4  0  0
   75    1    2  A"        22.9671      22.9671       0.0000   0.85E-03    1   0  0  0
   76    2    2  A"        82.7797      82.7796       0.0001   0.48E-03    2   0  0  0
   77    3    2  A"       747.2725     747.3170      -0.0446   0.37E-07    1   0  1  0
   78    4    2  A"       807.0092     807.0465      -0.0373   0.29E-07    2   0  1  0
   79    5    2  A"      1262.3481    1262.3784      -0.0303   0.46E-07    1   0  0  1
   80    6    2  A"      1324.4298    1324.4539      -0.0241   0.80E-08    2   0  0  1
   81   13    2  A"      2485.8004    2485.8018      -0.0014   0.23E-07    1   0  0  2
   82   14    2  A"      2550.4359    2550.4542      -0.0183   0.23E-07    2   0  0  2
   83   35    2  A"      4354.0264    4354.0533      -0.0269   0.51E-08    1   1  1  0
   84   43    2  A"      4843.3072    4843.3120      -0.0048   0.74E-08    1   1  0  1
   85   46    2  A"      4902.8513    4902.8451       0.0062   0.15E-07    2   1  0  1
   86   70    2  A"      6037.5729    6037.7445      -0.1715   0.24E-08    1   1  0  2
   87   73    2  A"      6099.5948    6099.7048      -0.1100   0.61E-09    2   1  0  2
   88  100    2  A"      7071.1993    7071.2526      -0.0533   0.13E-07    1   2  0  0
   89  102    2  A"      7126.2992    7126.3420      -0.0427   0.50E-08    2   2  0  0
   90  257    2  A"     10342.8924   10342.8885       0.0039   0.69E-09    1   3  0  0
   91  261    2  A"     10395.7370   10395.6933       0.0437   0.14E-08    2   3  0  0
   92  338    2  A"     11499.2400   11499.3705      -0.1305   0.29E-08    1   3  0  1
   93  438    2  A"     12634.4092   12634.4656      -0.0564   0.41E-08    1   3  0  2
   94  442    2  A"     12690.9399   12690.9610      -0.0210   0.21E-08    2   3  0  2
   95  516    2  A"     13447.2777   13447.3086      -0.0309   0.82E-08    1   4  0  0
   96  522    2  A"     13497.9004   13497.9168      -0.0164   0.62E-08    2   4  0  0
   97    1    3  A'        25.9727      25.9727       0.0000   0.10E-02    1   0  0  0
   98    2    3  A'        85.7649      85.7648       0.0001   0.65E-03    2   0  0  0
   99    3    3  A'       185.3126     185.3124       0.0002   0.42E-03    3   0  0  0
  100    4    3  A'       750.2504     750.2916      -0.0412   0.37E-07    1   0  1  0
  101    5    3  A'       809.9670     810.0009      -0.0340   0.51E-07    2   0  1  0
  102    6    3  A'       909.3885     909.4112      -0.0227   0.39E-07    3   0  1  0
  103    7    3  A'      1265.3466    1265.3749      -0.0283   0.65E-07    1   0  0  1
  104    8    3  A'      1327.4061    1327.4283      -0.0221   0.12E-07    2   0  0  1
  105    9    3  A'      1430.6796    1430.6912      -0.0115   0.79E-08    3   0  0  1
  106   19    3  A'      2488.7925    2488.7902       0.0023   0.23E-07    1   0  0  2
  107   20    3  A'      2553.4024    2553.4183      -0.0159   0.23E-07    2   0  0  2
  108   21    3  A'      2660.8510    2660.8944      -0.0434   0.16E-07    3   0  0  2
  109   36    3  A'      3634.6503    3634.6118       0.0385   0.55E-08    1   1  0  0
  110   41    3  A'      3787.6404    3787.5985       0.0420   0.54E-08    3   1  0  0
  111   51    3  A'      4357.0005    4357.0232      -0.0227   0.51E-08    1   1  1  0
  112   54    3  A'      4414.3403    4414.3629      -0.0226   0.16E-07    2   1  1  0
  113   56    3  A'      4509.8045    4509.8317      -0.0272   0.54E-08    3   1  1  0
  114   63    3  A'      4846.3002    4846.3031      -0.0029   0.11E-07    1   1  0  1
  115   67    3  A'      4905.8216    4905.8133       0.0083   0.19E-07    2   1  0  1
  116   70    3  A'      5004.8584    5004.8439       0.0145   0.56E-08    3   1  0  1
  117  103    3  A'      6040.5607    6040.7274      -0.1666   0.24E-08    1   1  0  2
  118  107    3  A'      6102.5542    6102.6626      -0.1084   0.12E-08    2   1  0  2
  119  112    3  A'      6205.4900    6205.5955      -0.1055   0.61E-09    3   1  0  2
  120  147    3  A'      7074.1975    7074.2483      -0.0508   0.13E-07    1   2  0  0
  121  151    3  A'      7129.2730    7129.3162      -0.0433   0.19E-07    2   2  0  0
  122  156    3  A'      7220.9817    7221.0113      -0.0296   0.17E-07    3   2  0  0
  123  379    3  A'     10345.9157   10345.8809       0.0348   0.41E-08    1   3  0  0
  124  385    3  A'     10398.7162   10398.6636       0.0526   0.21E-08    2   3  0  0
  125  396    3  A'     10486.6370   10486.5608       0.0763   0.14E-08    3   3  0  0
  126  500    3  A'     11502.2220   11502.3530      -0.1310   0.41E-08    1   3  0  1
  127  649    3  A'     12637.3861   12637.4384      -0.0522   0.21E-08    1   3  0  2
  128  656    3  A'     12693.9307   12693.9081       0.0226   0.83E-09    2   3  0  2
  129  666    3  A'     12787.9219   12787.9028       0.0191   0.41E-08    3   3  0  2
  130  764    3  A'     13450.2733   13450.2989      -0.0257   0.83E-08    1   4  0  0
  131  775    3  A'     13500.8629   13500.8843      -0.0214   0.41E-08    2   4  0  0
  132  791    3  A'     13585.1403   13585.1422      -0.0019   0.41E-08    3   4  0  0
  133    1    3  A"         5.9725       5.9725       0.0000   0.13E+00    0   0  0  0
  134    2    3  A"        25.8945      25.8944       0.0000   0.87E-03    1   0  0  0
  135    3    3  A"        85.7649      85.7648       0.0001   0.68E-03    2   0  0  0
  136    4    3  A"       185.3126     185.3124       0.0002   0.41E-03    3   0  0  0
  137    5    3  A"       730.2756     730.3194      -0.0438   0.25E-07    0   0  1  0
  138    6    3  A"       750.1724     750.2138      -0.0414   0.31E-07    1   0  1  0
  139    7    3  A"       809.9670     810.0010      -0.0340   0.59E-07    2   0  1  0
  140    8    3  A"       909.3885     909.4112      -0.0226   0.39E-07    3   0  1  0
  141    9    3  A"      1244.5796    1244.6099      -0.0303   0.83E-08    0   0  0  1
  142   10    3  A"      1265.2608    1265.2891      -0.0283   0.56E-07    1   0  0  1
  143   11    3  A"      1327.4062    1327.4283      -0.0221   0.42E-07    2   0  0  1
  144   12    3  A"      1430.6796    1430.6912      -0.0115   0.79E-08    3   0  0  1
  145   25    3  A"      2467.1607    2467.1529       0.0079   0.41E-07    0   0  0  2
  146   26    3  A"      2488.6990    2488.6965       0.0025   0.49E-07    1   0  0  2
  147   27    3  A"      2553.4030    2553.4184      -0.0154   0.30E-07    2   0  0  2
  148   28    3  A"      2660.8510    2660.8944      -0.0434   0.16E-07    3   0  0  2
  149   48    3  A"      3615.4440    3615.4062       0.0378   0.28E-08    0   1  0  0
  150   49    3  A"      3634.5692    3634.5312       0.0379   0.55E-08    1   1  0  0
  151   68    3  A"      4337.8148    4337.8397      -0.0249   0.11E-07    0   1  1  0
  152   69    3  A"      4356.9218    4356.9431      -0.0213   0.16E-07    1   1  1  0
  153   73    3  A"      4414.3407    4414.3629      -0.0222   0.16E-07    2   1  1  0
  154   75    3  A"      4509.8045    4509.8317      -0.0272   0.54E-08    3   1  1  0
  155   84    3  A"      4826.3752    4826.3834      -0.0082   0.76E-08    0   1  0  1
  156   86    3  A"      4846.2110    4846.2147      -0.0037   0.15E-07    1   1  0  1
  157   91    3  A"      4905.8217    4905.8134       0.0084   0.19E-07    2   1  0  1
  158   94    3  A"      5004.8584    5004.8439       0.0145   0.56E-08    3   1  0  1
  159  137    3  A"      6019.7529    6019.9637      -0.2108   0.24E-08    0   1  0  2
  160  140    3  A"      6040.4619    6040.6309      -0.1690   0.24E-08    1   1  0  2
  161  144    3  A"      6102.5542    6102.6626      -0.1085   0.12E-08    2   1  0  2
  162  150    3  A"      6205.4900    6205.5955      -0.1055   0.61E-09    3   1  0  2
  163  196    3  A"      7055.7678    7055.8214      -0.0536   0.26E-07    0   2  0  0
  164  198    3  A"      7074.1147    7074.1653      -0.0505   0.13E-07    1   2  0  0
  165  203    3  A"      7129.2733    7129.3163      -0.0429   0.25E-07    2   2  0  0
  166  211    3  A"      7220.9813    7221.0113      -0.0299   0.17E-07    3   2  0  0
  167  506    3  A"     10328.2425   10328.2148       0.0277   0.28E-08    0   3  0  0
  168  510    3  A"     10345.8291   10345.7953       0.0338   0.55E-08    1   3  0  0
  169  518    3  A"     10398.7162   10398.6637       0.0525   0.21E-08    2   3  0  0
  170  530    3  A"     10486.6370   10486.5608       0.0762   0.14E-08    3   3  0  0
  171  669    3  A"     11483.9326   11484.0841      -0.1515   0.42E-08    0   3  0  1
  172  672    3  A"     11502.1278   11502.2590      -0.1311   0.23E-08    1   3  0  1
  173  866    3  A"     12618.4702   12618.5099      -0.0397   0.42E-08    0   3  0  2
  174  871    3  A"     12637.2873   12637.3350      -0.0477   0.20E-08    1   3  0  2
  175  879    3  A"     12693.9307   12693.9081       0.0225   0.83E-09    2   3  0  2
  176  893    3  A"     12787.9138   12787.9028       0.0110   0.91E-09    3   3  0  2
  177 1020    3  A"     13433.3289   13433.3651      -0.0362   0.17E-08    0   4  0  0
  178 1025    3  A"     13450.1844   13450.2106      -0.0262   0.34E-08    1   4  0  0
  179 1041    3  A"     13500.8637   13500.8844      -0.0206   0.14E-07    2   4  0  0
  180 1061    3  A"     13585.1403   13585.1422      -0.0019   0.41E-08    3   4  0  0
  181 1842    3  A"     16506.4745   16506.7912      -0.3166   0.20E-08    3   5  0  0
  182    1    4  A'         9.9540       9.9539       0.0000   0.11E+00    0   0  0  0
  183    2    4  A'        29.8496      29.8495       0.0000   0.98E-03    1   0  0  0
  184    3    4  A'        89.7452      89.7451       0.0001   0.85E-03    2   0  0  0
  185    4    4  A'       189.2911     189.2910       0.0002   0.50E-03    3   0  0  0
  186    5    4  A'       328.3010     328.3008       0.0002   0.34E-03    4   0  0  0
  187    6    4  A'       734.2205     734.2597      -0.0392   0.25E-07    0   0  1  0
  188    7    4  A'       754.0910     754.1279      -0.0369   0.39E-07    1   0  1  0
  189    8    4  A'       813.9106     813.9401      -0.0295   0.76E-07    2   0  1  0
  190    9    4  A'       913.3305     913.3486      -0.0182   0.47E-07    3   0  1  0
  191   10    4  A'      1052.1645    1052.1685      -0.0040   0.37E-07    4   0  1  0
  192   11    4  A'      1248.5494    1248.5769      -0.0276   0.12E-07    0   0  0  1
  193   12    4  A'      1269.2016    1269.2273      -0.0257   0.65E-07    1   0  0  1
  194   13    4  A'      1331.3746    1331.3940      -0.0194   0.42E-07    2   0  0  1
  195   14    4  A'      1434.6461    1434.6550      -0.0089   0.12E-07    3   0  0  1
  196   18    4  A'      1578.7522    1578.7459       0.0064   0.22E-07    4   0  0  1
  197   31    4  A'      2471.1203    2471.1064       0.0139   0.33E-07    0   0  0  2
  198   32    4  A'      2492.6256    2492.6185       0.0071   0.41E-07    1   0  0  2
  199   33    4  A'      2557.3599    2557.3705      -0.0105   0.61E-07    2   0  0  2
  200   34    4  A'      2664.8055    2664.8444      -0.0389   0.20E-07    3   0  0  2
  201   38    4  A'      2814.5885    2814.6644      -0.0759   0.15E-07    4   0  0  2
  202   58    4  A'      3619.4181    3619.3798       0.0384   0.55E-08    0   1  0  0
  203   59    4  A'      3638.5155    3638.4777       0.0378   0.41E-08    1   1  0  0
  204   63    4  A'      3696.0332    3695.9903       0.0429   0.27E-08    2   1  0  0
  205   71    4  A'      3925.0937    3925.0426       0.0510   0.25E-08    4   1  0  0
  206   83    4  A'      4341.7543    4341.7731      -0.0188   0.16E-07    0   1  1  0
  207   84    4  A'      4360.8318    4360.8495      -0.0177   0.11E-07    1   1  1  0
  208   89    4  A'      4418.2783    4418.2952      -0.0169   0.21E-07    2   1  1  0
  209   92    4  A'      4513.7403    4513.7623      -0.0220   0.11E-07    3   1  1  0
  210   97    4  A'      4647.0461    4647.0800      -0.0339   0.80E-08    4   1  1  0
  211  103    4  A'      4830.3382    4830.3422      -0.0040   0.76E-08    0   1  0  1
  212  105    4  A'      4850.1448    4850.1437       0.0010   0.23E-07    1   1  0  1
  213  111    4  A'      4909.7841    4909.7709       0.0131   0.22E-07    2   1  0  1
  214  114    4  A'      5008.8186    5008.7996       0.0189   0.11E-07    3   1  0  1
  215  124    4  A'      5147.0035    5146.9862       0.0173   0.93E-08    4   1  0  1
  216  168    4  A'      6023.7066    6023.9089      -0.2023   0.24E-08    0   1  0  2
  217  171    4  A'      6044.3804    6044.5437      -0.1633   0.24E-08    1   1  0  2
  218  177    4  A'      6106.5041    6106.6064      -0.1023   0.12E-08    2   1  0  2
  219  183    4  A'      6209.4362    6209.5372      -0.1010   0.12E-08    3   1  0  2
  220  241    4  A'      7059.7377    7059.7882      -0.0505   0.13E-07    0   2  0  0
  221  244    4  A'      7078.0559    7078.1041      -0.0482   0.40E-07    1   2  0  0
  222  250    4  A'      7133.2419    7133.2819      -0.0400   0.38E-07    2   2  0  0
  223  258    4  A'      7224.9485    7224.9753      -0.0268   0.13E-07    3   2  0  0
  224  269    4  A'      7353.0165    7353.0271      -0.0106   0.64E-08    4   2  0  0
  225  624    4  A'     10332.2089   10332.1763       0.0326   0.69E-08    0   3  0  0
  226  628    4  A'     10349.7668   10349.7280       0.0388   0.55E-08    1   3  0  0
  227  636    4  A'     10402.6825   10402.6241       0.0584   0.55E-08    2   3  0  0
  228  652    4  A'     10490.6034   10490.5197       0.0838   0.35E-08    3   3  0  0
  229  672    4  A'     10613.3878   10613.2717       0.1161   0.21E-08    4   3  0  0
  230  825    4  A'     11487.8850   11488.0243      -0.1393   0.42E-08    0   3  0  1
  231  828    4  A'     11506.0444   11506.1728      -0.1284   0.15E-08    1   3  0  1
  232  843    4  A'     11561.2131   11560.8535       0.3596   0.17E-08    2   3  0  1
  233  856    4  A'     11651.4971   11651.6651      -0.1679   0.14E-07    3   3  0  1
  234 1067    4  A'     12622.4060   12622.4403      -0.0343   0.30E-08    0   3  0  2
  235 1073    4  A'     12641.1891   12641.2298      -0.0407   0.62E-08    1   3  0  2
  236 1084    4  A'     12697.8302   12697.8376      -0.0074   0.41E-08    2   3  0  2
  237 1103    4  A'     12791.8510   12791.8304       0.0206   0.61E-08    3   3  0  2
  238 1263    4  A'     13437.2895   13437.3228      -0.0334   0.17E-08    0   4  0  0
  239 1268    4  A'     13454.1158   13454.1386      -0.0228   0.44E-08    1   4  0  0
  240 1286    4  A'     13504.8247   13504.8410      -0.0163   0.14E-07    2   4  0  0
  241 1308    4  A'     13589.0956   13589.0971      -0.0015   0.10E-07    3   4  0  0
  242 1338    4  A'     13706.7993   13706.8113      -0.0120   0.17E-08    4   4  0  0
  243    1    4  A"        29.9800      29.9799       0.0000   0.10E-02    1   0  0  0
  244    2    4  A"        89.7451      89.7450       0.0001   0.84E-03    2   0  0  0
  245    3    4  A"       189.2911     189.2910       0.0001   0.48E-03    3   0  0  0
  246    4    4  A"       328.3010     328.3008       0.0002   0.30E-03    4   0  0  0
  247    5    4  A"       754.2210     754.2575      -0.0366   0.46E-07    1   0  1  0
  248    6    4  A"       813.9105     813.9400      -0.0295   0.51E-07    2   0  1  0
  249    7    4  A"       913.3305     913.3486      -0.0182   0.63E-07    3   0  1  0
  250    8    4  A"      1052.1645    1052.1685      -0.0040   0.37E-07    4   0  1  0
  251    9    4  A"      1269.3446    1269.3703      -0.0257   0.65E-07    1   0  0  1
  252   10    4  A"      1331.3744    1331.3939      -0.0195   0.12E-07    2   0  0  1
  253   11    4  A"      1434.6461    1434.6550      -0.0089   0.31E-07    3   0  0  1
  254   14    4  A"      1578.7521    1578.7459       0.0063   0.77E-08    4   0  0  1
  255   25    4  A"      2492.7819    2492.7746       0.0072   0.23E-07    1   0  0  2
  256   26    4  A"      2557.3600    2557.3703      -0.0103   0.46E-07    2   0  0  2
  257   27    4  A"      2664.8055    2664.8444      -0.0390   0.20E-07    3   0  0  2
  258   30    4  A"      2814.5885    2814.6644      -0.0759   0.15E-07    4   0  0  2
  259   46    4  A"      3638.6511    3638.6120       0.0391   0.55E-08    1   1  0  0
  260   49    4  A"      3696.0346    3695.9902       0.0444   0.14E-08    2   1  0  0
  261   52    4  A"      3791.6102    3791.5693       0.0410   0.82E-08    3   1  0  0
  262   66    4  A"      4360.9661    4360.9830      -0.0169   0.51E-08    1   1  1  0
  263   70    4  A"      4418.2781    4418.2951      -0.0170   0.21E-07    2   1  1  0
  264   73    4  A"      4513.7403    4513.7623      -0.0220   0.11E-07    3   1  1  0
  265   77    4  A"      4647.0461    4647.0800      -0.0339   0.80E-08    4   1  1  0
  266   82    4  A"      4850.2922    4850.2911       0.0011   0.11E-07    1   1  0  1
  267   87    4  A"      4909.7833    4909.7708       0.0125   0.15E-07    2   1  0  1
  268   90    4  A"      5008.8186    5008.7996       0.0190   0.11E-07    3   1  0  1
  269   98    4  A"      5147.0035    5146.9862       0.0173   0.93E-08    4   1  0  1
  270  134    4  A"      6044.5467    6044.7045      -0.1577   0.24E-08    1   1  0  2
  271  140    4  A"      6106.5041    6106.6063      -0.1022   0.12E-08    2   1  0  2
  272  145    4  A"      6209.4362    6209.5372      -0.1011   0.12E-08    3   1  0  2
  273  193    4  A"      7078.1942    7078.2425      -0.0483   0.13E-07    1   2  0  0
  274  198    4  A"      7133.2423    7133.2818      -0.0395   0.25E-07    2   2  0  0
  275  203    4  A"      7224.9485    7224.9753      -0.0269   0.13E-07    3   2  0  0
  276  213    4  A"      7353.0165    7353.0271      -0.0107   0.64E-08    4   2  0  0
  277  497    4  A"     10349.9090   10349.8707       0.0382   0.41E-08    1   3  0  0
  278  503    4  A"     10402.6834   10402.6240       0.0594   0.55E-08    2   3  0  0
  279  518    4  A"     10490.6034   10490.5197       0.0837   0.35E-08    3   3  0  0
  280  533    4  A"     10613.3878   10613.2717       0.1161   0.21E-08    4   3  0  0
  281  656    4  A"     11506.2063   11506.3296      -0.1233   0.22E-08    1   3  0  1
  282  669    4  A"     11561.2131   11560.8534       0.3597   0.17E-08    2   3  0  1
  283  680    4  A"     11651.4971   11651.6651      -0.1679   0.14E-07    3   3  0  1
  284  851    4  A"     12641.3832   12641.4020      -0.0188   0.41E-08    1   3  0  2
  285  861    4  A"     12697.8300   12697.8374      -0.0074   0.41E-08    2   3  0  2
  286  876    4  A"     12791.8510   12791.8304       0.0206   0.61E-08    3   3  0  2
  287 1007    4  A"     13454.2769   13454.2858      -0.0089   0.83E-08    1   4  0  0
  288 1020    4  A"     13504.8250   13504.8409      -0.0158   0.83E-08    2   4  0  0
  289 1038    4  A"     13589.0951   13589.0971      -0.0020   0.14E-07    3   4  0  0
  290 1063    4  A"     13706.7993   13706.8113      -0.0120   0.17E-08    4   4  0  0
  291 1844    4  A"     16624.8590   16624.8306       0.0284   0.20E-08    4   5  0  0
  292    1    5  A'        34.9889      34.9888       0.0001   0.11E-02    1   0  0  0
  293    2    5  A'        94.7202      94.7201       0.0001   0.10E-02    2   0  0  0
  294    3    5  A'       194.2642     194.2640       0.0001   0.68E-03    3   0  0  0
  295    4    5  A'       333.2712     333.2710       0.0002   0.39E-03    4   0  0  0
  296    5    5  A'       511.3984     511.3981       0.0003   0.19E-03    5   0  0  0
  297    6    5  A'       759.1840     759.2148      -0.0308   0.46E-07    1   0  1  0
  298    7    5  A'       818.8399     818.8637      -0.0238   0.59E-07    2   0  1  0
  299    8    5  A'       918.2578     918.2703      -0.0126   0.55E-07    3   0  1  0
  300    9    5  A'      1057.0889    1057.0874       0.0015   0.44E-07    4   0  1  0
  301   10    5  A'      1234.9911    1234.9743       0.0168   0.28E-07    5   0  1  0
  302   11    5  A'      1274.3420    1274.3642      -0.0222   0.56E-07    1   0  0  1
  303   12    5  A'      1336.3346    1336.3508      -0.0162   0.12E-07    2   0  0  1
  304   13    5  A'      1439.6042    1439.6097      -0.0055   0.16E-07    3   0  0  1
  305   16    5  A'      1583.7069    1583.6974       0.0095   0.12E-07    4   0  0  1
  306   18    5  A'      1768.1908    1768.1614       0.0294   0.28E-07    5   0  0  1
  307   30    5  A'      2497.7695    2497.7550       0.0145   0.30E-07    1   0  0  2
  308   31    5  A'      2562.3065    2562.3102      -0.0037   0.24E-07    2   0  0  2
  309   33    5  A'      2669.7496    2669.7818      -0.0322   0.24E-07    3   0  0  2
  310   36    5  A'      2819.5287    2819.5983      -0.0696   0.15E-07    4   0  0  2
  311   41    5  A'      3011.0445    3011.1582      -0.1137   0.76E-08    5   0  0  2
  312   55    5  A'      3643.6532    3643.6120       0.0413   0.55E-08    1   1  0  0
  313   58    5  A'      3700.9974    3700.9555       0.0419   0.14E-08    2   1  0  0
  314   62    5  A'      3796.5823    3796.5326       0.0497   0.54E-08    3   1  0  0
  315   80    5  A'      4365.9239    4365.9326      -0.0087   0.55E-08    1   1  1  0
  316   85    5  A'      4423.1991    4423.2101      -0.0110   0.21E-07    2   1  1  0
  317   88    5  A'      4518.6598    4518.6754      -0.0157   0.11E-07    3   1  1  0
  318   93    5  A'      4651.9633    4651.9904      -0.0271   0.80E-08    4   1  1  0
  319   99    5  A'      4822.7819    4822.8315      -0.0496   0.30E-08    5   1  1  0
  320  100    5  A'      4855.2832    4855.2759       0.0074   0.15E-07    1   1  0  1
  321  105    5  A'      4914.7354    4914.7175       0.0179   0.26E-07    2   1  0  1
  322  109    5  A'      5013.7685    5013.7442       0.0243   0.15E-07    3   1  0  1
  323  118    5  A'      5151.9504    5151.9277       0.0227   0.93E-08    4   1  0  1
  324  126    5  A'      5328.8590    5328.8445       0.0145   0.56E-08    5   1  0  1
  325  164    5  A'      6049.5221    6049.6756      -0.1535   0.12E-08    1   1  0  2
  326  170    5  A'      6111.4418    6111.5357      -0.0939   0.12E-08    2   1  0  2
  327  176    5  A'      6214.3766    6214.4642      -0.0876   0.12E-08    3   1  0  2
  328  187    5  A'      6357.7889    6357.9239      -0.1350   0.24E-08    4   1  0  2
  329  236    5  A'      7083.1900    7083.2350      -0.0450   0.19E-07    1   2  0  0
  330  241    5  A'      7138.2027    7138.2386      -0.0359   0.25E-07    2   2  0  0
  331  247    5  A'      7229.9064    7229.9303      -0.0239   0.13E-07    3   2  0  0
  332  260    5  A'      7357.9718    7357.9794      -0.0075   0.64E-08    4   2  0  0
  333  277    5  A'      7522.0877    7522.0765       0.0112   0.63E-08    5   2  0  0
  334  612    5  A'     10354.9053   10354.8578       0.0475   0.28E-08    1   3  0  0
  335  618    5  A'     10407.6352   10407.5742       0.0610   0.21E-08    2   3  0  0
  336  635    5  A'     10495.5556   10495.4681       0.0875   0.28E-08    3   3  0  0
  337  653    5  A'     10618.3403   10618.2176       0.1228   0.28E-08    4   3  0  0
  338  682    5  A'     10775.6915   10775.5355       0.1560   0.14E-08    5   3  0  0
  339  809    5  A'     11511.1851   11511.3001      -0.1150   0.20E-08    1   3  0  1
  340  822    5  A'     11566.0780   11565.7837       0.2943   0.83E-09    2   3  0  1
  341  835    5  A'     11656.4156   11656.5934      -0.1778   0.14E-07    3   3  0  1
  342  864    5  A'     11783.2360   11783.3415      -0.1055   0.20E-08    4   3  0  1
  343 1045    5  A'     12646.3301   12646.3564      -0.0263   0.39E-09    1   3  0  2
  344 1060    5  A'     12702.7596   12702.7490       0.0106   0.41E-08    2   3  0  2
  345 1076    5  A'     12796.7739   12796.7397       0.0341   0.14E-08    3   3  0  2
  346 1153    5  A'     13095.5964   13095.5574       0.0390   0.20E-08    5   3  0  2
  347 1239    5  A'     13459.2630   13459.2693      -0.0062   0.10E-07    1   4  0  0
  348 1255    5  A'     13509.7788   13509.7864      -0.0075   0.10E-07    2   4  0  0
  349 1278    5  A'     13594.0433   13594.0406       0.0027   0.12E-07    3   4  0  0
  350 1308    5  A'     13711.7554   13711.7517       0.0037   0.41E-08    4   4  0  0
  351 1345    5  A'     13862.6770   13862.7284      -0.0515   0.20E-08    5   4  0  0
  352 2272    5  A'     16629.8031   16629.7632       0.0399   0.20E-08    4   5  0  0
  353    1    5  A"        14.9306      14.9306       0.0000   0.89E-01    0   0  0  0
  354    2    5  A"        34.7933      34.7932       0.0001   0.10E-02    1   0  0  0
  355    3    5  A"        94.7204      94.7203       0.0000   0.97E-03    2   0  0  0
  356    4    5  A"       194.2642     194.2640       0.0001   0.66E-03    3   0  0  0
  357    5    5  A"       333.2711     333.2710       0.0002   0.42E-03    4   0  0  0
  358    6    5  A"       511.3984     511.3981       0.0003   0.18E-03    5   0  0  0
  359    7    5  A"       739.1513     739.1849      -0.0336   0.25E-07    0   0  1  0
  360    8    5  A"       758.9891     759.0204      -0.0313   0.56E-07    1   0  1  0
  361    9    5  A"       818.8400     818.8639      -0.0239   0.76E-07    2   0  1  0
  362   10    5  A"       918.2578     918.2703      -0.0126   0.55E-07    3   0  1  0
  363   11    5  A"      1057.0889    1057.0874       0.0015   0.44E-07    4   0  1  0
  364   12    5  A"      1234.9911    1234.9743       0.0168   0.28E-07    5   0  1  0
  365   13    5  A"      1253.5112    1253.5355      -0.0243   0.31E-07    0   0  0  1
  366   14    5  A"      1274.1273    1274.1498      -0.0225   0.65E-07    1   0  0  1
  367   15    5  A"      1336.3349    1336.3511      -0.0161   0.42E-07    2   0  0  1
  368   16    5  A"      1439.6040    1439.6097      -0.0057   0.12E-07    3   0  0  1
  369   20    5  A"      1583.7071    1583.6974       0.0097   0.37E-07    4   0  0  1
  370   22    5  A"      1768.1906    1768.1614       0.0292   0.21E-07    5   0  0  1
  371   35    5  A"      2476.0684    2476.0482       0.0202   0.49E-07    0   0  0  2
  372   37    5  A"      2497.5349    2497.5208       0.0140   0.49E-07    1   0  0  2
  373   38    5  A"      2562.3066    2562.3105      -0.0038   0.46E-07    2   0  0  2
  374   40    5  A"      2669.7497    2669.7818      -0.0322   0.24E-07    3   0  0  2
  375   44    5  A"      2819.5287    2819.5983      -0.0696   0.15E-07    4   0  0  2
  376   50    5  A"      3011.0445    3011.1582      -0.1137   0.76E-08    5   0  0  2
  377   72    5  A"      3700.9998    3700.9557       0.0441   0.81E-08    2   1  0  0
  378   82    5  A"      3930.0564    3930.0032       0.0532   0.27E-08    4   1  0  0
  379   97    5  A"      4346.6772    4346.6896      -0.0123   0.16E-07    0   1  1  0
  380   98    5  A"      4365.7213    4365.7323      -0.0110   0.11E-07    1   1  1  0
  381  104    5  A"      4423.1991    4423.2103      -0.0112   0.21E-07    2   1  1  0
  382  107    5  A"      4518.6597    4518.6754      -0.0157   0.11E-07    3   1  1  0
  383  113    5  A"      4651.9633    4651.9904      -0.0271   0.80E-08    4   1  1  0
  384  120    5  A"      4822.7819    4822.8315      -0.0496   0.30E-08    5   1  1  0
  385  121    5  A"      4835.2933    4835.2905       0.0029   0.82E-08    0   1  0  1
  386  123    5  A"      4855.0619    4855.0549       0.0070   0.15E-07    1   1  0  1
  387  129    5  A"      4914.7353    4914.7177       0.0176   0.22E-07    2   1  0  1
  388  133    5  A"      5013.7686    5013.7442       0.0244   0.15E-07    3   1  0  1
  389  144    5  A"      5151.9504    5151.9277       0.0226   0.93E-08    4   1  0  1
  390  153    5  A"      5328.8590    5328.8445       0.0145   0.56E-08    5   1  0  1
  391  197    5  A"      6028.6455    6028.8401      -0.1946   0.24E-08    0   1  0  2
  392  201    5  A"      6049.2732    6049.4346      -0.1614   0.24E-08    1   1  0  2
  393  207    5  A"      6111.4420    6111.5360      -0.0940   0.12E-08    2   1  0  2
  394  214    5  A"      6214.3766    6214.4642      -0.0876   0.12E-08    3   1  0  2
  395  227    5  A"      6357.7889    6357.9239      -0.1350   0.24E-08    4   1  0  2
  396  283    5  A"      7064.6995    7064.7464      -0.0469   0.20E-07    0   2  0  0
  397  287    5  A"      7082.9831    7083.0274      -0.0443   0.33E-07    1   2  0  0
  398  293    5  A"      7138.2029    7138.2389      -0.0360   0.31E-07    2   2  0  0
  399  302    5  A"      7229.9063    7229.9303      -0.0240   0.13E-07    3   2  0  0
  400  316    5  A"      7357.9718    7357.9794      -0.0075   0.64E-08    4   2  0  0
  401  336    5  A"      7522.0877    7522.0765       0.0112   0.63E-08    5   2  0  0
  402  737    5  A"     10337.1627   10337.1279       0.0348   0.55E-08    0   3  0  0
  403  743    5  A"     10354.6896   10354.6436       0.0459   0.55E-08    1   3  0  0
  404  751    5  A"     10407.6357   10407.5745       0.0612   0.69E-08    2   3  0  0
  405  769    5  A"     10495.5556   10495.4681       0.0875   0.28E-08    3   3  0  0
  406  792    5  A"     10618.3404   10618.2176       0.1228   0.28E-08    4   3  0  0
  407  826    5  A"     10775.6915   10775.5355       0.1560   0.14E-08    5   3  0  0
  408  975    5  A"     11492.8254   11492.9530      -0.1276   0.42E-08    0   3  0  1
  409  981    5  A"     11510.9430   11511.0649      -0.1219   0.21E-08    1   3  0  1
  410  996    5  A"     11566.0808   11565.7841       0.2967   0.41E-08    2   3  0  1
  411 1011    5  A"     11656.4186   11656.5934      -0.1748   0.14E-07    3   3  0  1
  412 1047    5  A"     11783.2360   11783.3415      -0.1055   0.20E-08    4   3  0  1
  413 1261    5  A"     12627.3328   12627.3532      -0.0204   0.42E-08    0   3  0  2
  414 1267    5  A"     12646.0775   12646.0982      -0.0207   0.37E-08    1   3  0  2
  415 1283    5  A"     12702.7598   12702.7494       0.0105   0.41E-08    2   3  0  2
  416 1303    5  A"     12796.7739   12796.7397       0.0341   0.13E-08    3   3  0  2
  417 1398    5  A"     13095.5964   13095.5574       0.0390   0.20E-08    5   3  0  2
  418 1495    5  A"     13442.2506   13442.2698      -0.0192   0.64E-08    0   4  0  0
  419 1500    5  A"     13459.0321   13459.0485      -0.0164   0.83E-08    1   4  0  0
  420 1521    5  A"     13509.7803   13509.7867      -0.0064   0.17E-07    2   4  0  0
  421 1548    5  A"     13594.0434   13594.0406       0.0028   0.10E-07    3   4  0  0
  422 1583    5  A"     13711.7470   13711.7517      -0.0047   0.10E-07    4   4  0  0
  423 1627    5  A"     13862.6770   13862.7284      -0.0515   0.20E-08    5   4  0  0
  424 2824    5  A"     16775.2564   16775.3255      -0.0691   0.20E-08    5   5  0  0
  425    1    6  A'        20.9022      20.9022       0.0000   0.65E-01    0   0  0  0
  426    2    6  A'        40.7255      40.7255       0.0000   0.11E-02    1   0  0  0
  427    3    6  A'       100.6904     100.6904       0.0000   0.97E-03    2   0  0  0
  428    4    6  A'       200.2316     200.2315       0.0001   0.66E-03    3   0  0  0
  429    5    6  A'       339.2351     339.2350       0.0001   0.46E-03    4   0  0  0
  430    6    6  A'       517.3579     517.3578       0.0002   0.20E-03    5   0  0  0
  431    7    6  A'       734.1745     734.1742       0.0003   0.85E-04    6   0  0  0
  432    8    6  A'       745.0680     745.0948      -0.0268   0.37E-07    0   0  1  0
  433    9    6  A'       764.8664     764.8911      -0.0247   0.65E-07    1   0  1  0
  434   10    6  A'       824.7551     824.7723      -0.0171   0.68E-07    2   0  1  0
  435   11    6  A'       924.1703     924.1762      -0.0059   0.63E-07    3   0  1  0
  436   12    6  A'      1062.9979    1062.9898       0.0081   0.66E-07    4   0  1  0
  437   13    6  A'      1240.8958    1240.8724       0.0234   0.35E-07    5   0  1  0
  438   14    6  A'      1259.4650    1259.4855      -0.0205   0.42E-07    0   0  0  1
  439   15    6  A'      1280.0380    1280.0565      -0.0185   0.56E-07    1   0  0  1
  440   16    6  A'      1342.2870    1342.2993      -0.0124   0.42E-07    2   0  0  1
  441   17    6  A'      1445.5533    1445.5551      -0.0017   0.12E-07    3   0  0  1
  442   18    6  A'      1457.4395    1457.4015       0.0380   0.20E-07    6   0  1  0
  443   22    6  A'      1589.6522    1589.6390       0.0132   0.29E-07    4   0  0  1
  444   24    6  A'      1774.1311    1774.0976       0.0334   0.28E-07    5   0  0  1
  445   29    6  A'      1998.4384    1998.3817       0.0566   0.76E-08    6   0  0  1
  446   39    6  A'      2482.0061    2481.9779       0.0282   0.30E-07    0   0  0  2
  447   41    6  A'      2503.4247    2503.4034       0.0213   0.53E-07    1   0  0  2
  448   42    6  A'      2568.2424    2568.2383       0.0041   0.53E-07    2   0  0  2
  449   44    6  A'      2675.6817    2675.7064      -0.0247   0.24E-07    3   0  0  2
  450   49    6  A'      2825.4565    2825.5187      -0.0623   0.23E-07    4   0  0  2
  451   56    6  A'      3016.9682    3017.0736      -0.1054   0.76E-08    5   0  0  2
  452   62    6  A'      3249.4956    3249.6485      -0.1529   0.37E-08    6   0  0  2
  453   77    6  A'      3649.3723    3649.3298       0.0425   0.55E-08    1   1  0  0
  454   81    6  A'      3706.9598    3706.9140       0.0458   0.28E-08    2   1  0  0
  455   91    6  A'      3936.0107    3935.9556       0.0550   0.27E-08    4   1  0  0
  456  110    6  A'      4352.5843    4352.5890      -0.0047   0.21E-07    0   1  1  0
  457  111    6  A'      4371.5885    4371.5914      -0.0029   0.11E-07    1   1  1  0
  458  117    6  A'      4429.1057    4429.1084      -0.0026   0.14E-07    2   1  1  0
  459  121    6  A'      4524.5625    4524.5710      -0.0084   0.11E-07    3   1  1  0
  460  128    6  A'      4657.8635    4657.8826      -0.0191   0.80E-08    4   1  1  0
  461  136    6  A'      4828.6804    4828.7196      -0.0393   0.53E-08    5   1  1  0
  462  137    6  A'      4841.2353    4841.2281       0.0072   0.37E-08    0   1  0  1
  463  139    6  A'      4860.9608    4860.9480       0.0128   0.19E-07    1   1  0  1
  464  146    6  A'      4920.6776    4920.6538       0.0238   0.33E-07    2   1  0  1
  465  150    6  A'      5019.7073    5019.6774       0.0300   0.15E-07    3   1  0  1
  466  162    6  A'      5157.8863    5157.8573       0.0290   0.93E-08    4   1  0  1
  467  173    6  A'      5334.7886    5334.7694       0.0192   0.37E-08    5   1  0  1
  468  224    6  A'      6034.5741    6034.7572      -0.1831   0.12E-08    0   1  0  2
  469  228    6  A'      6055.1535    6055.3033      -0.1498   0.24E-08    1   1  0  2
  470  235    6  A'      6117.3681    6117.4513      -0.0833   0.12E-08    2   1  0  2
  471  243    6  A'      6220.2987    6220.3764      -0.0777   0.12E-08    3   1  0  2
  472  257    6  A'      6363.7039    6363.8320      -0.1281   0.12E-08    4   1  0  2
  473  322    6  A'      7070.6529    7070.6959      -0.0430   0.13E-07    0   2  0  0
  474  327    6  A'      7088.8943    7088.9352      -0.0409   0.40E-07    1   2  0  0
  475  334    6  A'      7144.1551    7144.1871      -0.0319   0.38E-07    2   2  0  0
  476  344    6  A'      7235.8569    7235.8759      -0.0190   0.16E-07    3   2  0  0
  477  359    6  A'      7363.9193    7363.9218      -0.0025   0.95E-08    4   2  0  0
  478  382    6  A'      7528.0314    7528.0148       0.0166   0.31E-08    5   2  0  0
  479  403    6  A'      7727.8042    7727.7695       0.0347   0.43E-08    6   2  0  0
  480  842    6  A'     10343.1111   10343.0695       0.0416   0.55E-08    0   3  0  0
  481  850    6  A'     10360.5937   10360.5422       0.0514   0.41E-08    1   3  0  0
  482  859    6  A'     10413.5824   10413.5148       0.0677   0.55E-08    2   3  0  0
  483  880    6  A'     10501.4999   10501.4060       0.0939   0.35E-08    3   3  0  0
  484  906    6  A'     10624.2823   10624.1523       0.1299   0.41E-08    4   3  0  0
  485  943    6  A'     10781.6301   10781.4660       0.1641   0.14E-08    5   3  0  0
  486  990    6  A'     10973.1771   10972.9681       0.2090   0.69E-09    6   3  0  0
  487 1115    6  A'     11498.7531   11498.8652      -0.1120   0.30E-08    0   3  0  1
  488 1122    6  A'     11516.8217   11516.9333      -0.1116   0.16E-08    1   3  0  1
  489 1140    6  A'     11571.9338   11571.7006       0.2332   0.17E-08    2   3  0  1
  490 1158    6  A'     11662.3373   11662.5072      -0.1699   0.68E-08    3   3  0  1
  491 1199    6  A'     11789.1501   11789.2518      -0.1017   0.20E-08    4   3  0  1
  492 1446    6  A'     12633.2303   12633.2484      -0.0181   0.42E-08    0   3  0  2
  493 1452    6  A'     12651.9342   12651.9402      -0.0060   0.41E-08    1   3  0  2
  494 1472    6  A'     12708.6748   12708.6433       0.0315   0.41E-08    2   3  0  2
  495 1494    6  A'     12802.6769   12802.6307       0.0463   0.32E-08    3   3  0  2
  496 1603    6  A'     13101.5009   13101.4393       0.0617   0.20E-08    5   3  0  2
  497 1714    6  A'     13448.1956   13448.2057      -0.0101   0.83E-08    0   4  0  0
  498 1719    6  A'     13464.9277   13464.9401      -0.0125   0.10E-07    1   4  0  0
  499 1742    6  A'     13515.7200   13515.7214      -0.0013   0.17E-07    2   4  0  0
  500 1775    6  A'     13599.9878   13599.9728       0.0151   0.82E-08    3   4  0  0
  501 1816    6  A'     13717.6892   13717.6800       0.0092   0.61E-08    4   4  0  0
  502 1870    6  A'     13868.6151   13868.6515      -0.0364   0.83E-09    5   4  0  0
  503 1949    6  A'     14052.4255   14052.8300      -0.4045   0.20E-08    6   4  0  0
  504 3246    6  A'     16781.1950   16781.2460      -0.0511   0.20E-08    5   5  0  0
  505    1    6  A"        40.9993      40.9992       0.0001   0.11E-02    1   0  0  0
  506    2    6  A"       100.6900     100.6900       0.0001   0.91E-03    2   0  0  0
  507    3    6  A"       200.2315     200.2315       0.0000   0.65E-03    3   0  0  0
  508    4    6  A"       339.2351     339.2350       0.0001   0.42E-03    4   0  0  0
  509    5    6  A"       517.3580     517.3578       0.0002   0.23E-03    5   0  0  0
  510    6    6  A"       734.1745     734.1742       0.0003   0.10E-03    6   0  0  0
  511    7    6  A"       765.1394     765.1633      -0.0240   0.46E-07    1   0  1  0
  512    8    6  A"       824.7548     824.7718      -0.0170   0.68E-07    2   0  1  0
  513    9    6  A"       924.1703     924.1762      -0.0059   0.71E-07    3   0  1  0
  514   10    6  A"      1062.9979    1062.9898       0.0081   0.51E-07    4   0  1  0
  515   11    6  A"      1240.8958    1240.8724       0.0234   0.35E-07    5   0  1  0
  516   12    6  A"      1280.3386    1280.3568      -0.0182   0.46E-07    1   0  0  1
  517   13    6  A"      1342.2866    1342.2988      -0.0122   0.12E-07    2   0  0  1
  518   14    6  A"      1445.5533    1445.5551      -0.0018   0.12E-07    3   0  0  1
  519   15    6  A"      1457.4395    1457.4015       0.0380   0.20E-07    6   0  1  0
  520   18    6  A"      1589.6523    1589.6390       0.0133   0.12E-07    4   0  0  1
  521   20    6  A"      1774.1313    1774.0976       0.0337   0.12E-07    5   0  0  1
  522   24    6  A"      1998.4384    1998.3817       0.0566   0.76E-08    6   0  0  1
  523   34    6  A"      2503.7539    2503.7312       0.0227   0.30E-07    1   0  0  2
  524   35    6  A"      2568.2417    2568.2377       0.0040   0.46E-07    2   0  0  2
  525   37    6  A"      2675.6816    2675.7064      -0.0248   0.24E-07    3   0  0  2
  526   41    6  A"      2825.4565    2825.5187      -0.0622   0.23E-07    4   0  0  2
  527   47    6  A"      3016.9682    3017.0736      -0.1054   0.76E-08    5   0  0  2
  528   52    6  A"      3249.4956    3249.6485      -0.1529   0.37E-08    6   0  0  2
  529   64    6  A"      3649.6540    3649.6118       0.0423   0.28E-08    1   1  0  0
  530   67    6  A"      3706.9624    3706.9135       0.0489   0.14E-08    2   1  0  0
  531   71    6  A"      3802.5394    3802.4883       0.0510   0.11E-07    3   1  0  0
  532   84    6  A"      4107.0485    4106.9900       0.0585   0.27E-08    5   1  0  0
  533   93    6  A"      4371.8699    4371.8718      -0.0019   0.16E-07    1   1  1  0
  534   98    6  A"      4429.1052    4429.1079      -0.0027   0.14E-07    2   1  1  0
  535  102    6  A"      4524.5624    4524.5710      -0.0085   0.11E-07    3   1  1  0
  536  108    6  A"      4657.8636    4657.8826      -0.0191   0.80E-08    4   1  1  0
  537  115    6  A"      4828.6804    4828.7196      -0.0392   0.53E-08    5   1  1  0
  538  116    6  A"      4861.2710    4861.2574       0.0136   0.19E-07    1   1  0  1
  539  122    6  A"      4920.6770    4920.6532       0.0238   0.30E-07    2   1  0  1
  540  126    6  A"      5019.7073    5019.6774       0.0299   0.15E-07    3   1  0  1
  541  136    6  A"      5157.8863    5157.8573       0.0290   0.93E-08    4   1  0  1
  542  146    6  A"      5334.7886    5334.7694       0.0192   0.37E-08    5   1  0  1
  543  191    6  A"      6055.4993    6055.6408      -0.1414   0.12E-08    1   1  0  2
  544  198    6  A"      6117.3676    6117.4507      -0.0831   0.12E-08    2   1  0  2
  545  205    6  A"      6220.2986    6220.3764      -0.0778   0.12E-08    3   1  0  2
  546  217    6  A"      6363.7039    6363.8320      -0.1281   0.12E-08    4   1  0  2
  547  276    6  A"      7089.1870    7089.2258      -0.0388   0.13E-07    1   2  0  0
  548  282    6  A"      7144.1552    7144.1865      -0.0313   0.38E-07    2   2  0  0
  549  289    6  A"      7235.8567    7235.8759      -0.0193   0.16E-07    3   2  0  0
  550  303    6  A"      7363.9193    7363.9218      -0.0025   0.95E-08    4   2  0  0
  551  323    6  A"      7528.0314    7528.0148       0.0166   0.31E-08    5   2  0  0
  552  341    6  A"      7727.8042    7727.7695       0.0347   0.44E-08    6   2  0  0
  553  719    6  A"     10360.8897   10360.8420       0.0477   0.28E-08    1   3  0  0
  554  726    6  A"     10413.5823   10413.5142       0.0681   0.55E-08    2   3  0  0
  555  746    6  A"     10501.5000   10501.4060       0.0940   0.35E-08    3   3  0  0
  556  767    6  A"     10624.2823   10624.1523       0.1300   0.41E-08    4   3  0  0
  557  799    6  A"     10781.6301   10781.4660       0.1641   0.14E-08    5   3  0  0
  558  839    6  A"     10973.1771   10972.9681       0.2090   0.69E-09    6   3  0  0
  559  952    6  A"     11517.1545   11517.2692      -0.1147   0.41E-08    1   3  0  1
  560  966    6  A"     11571.9334   11571.6999       0.2334   0.17E-08    2   3  0  1
  561  982    6  A"     11662.3393   11662.5072      -0.1680   0.68E-08    3   3  0  1
  562 1016    6  A"     11789.1502   11789.2518      -0.1017   0.20E-08    4   3  0  1
  563 1230    6  A"     12652.2990   12652.3016      -0.0026   0.41E-08    1   3  0  2
  564 1249    6  A"     12708.6744   12708.6425       0.0318   0.41E-08    2   3  0  2
  565 1267    6  A"     12802.6769   12802.6307       0.0462   0.28E-08    3   3  0  2
  566 1358    6  A"     13101.5009   13101.4393       0.0617   0.20E-08    5   3  0  2
  567 1458    6  A"     13465.2389   13465.2492      -0.0103   0.12E-07    1   4  0  0
  568 1476    6  A"     13515.7183   13515.7207      -0.0024   0.10E-07    2   4  0  0
  569 1505    6  A"     13599.9875   13599.9728       0.0148   0.82E-08    3   4  0  0
  570 1541    6  A"     13717.6889   13717.6800       0.0089   0.41E-08    4   4  0  0
  571 1588    6  A"     13868.6152   13868.6515      -0.0364   0.83E-09    5   4  0  0
  572    1    7  A'        48.0111      48.0111       0.0001   0.11E-02    1   0  0  0
  573    2    7  A'       107.6545     107.6545       0.0000   0.10E-02    2   0  0  0
  574    3    7  A'       207.1932     207.1932      -0.0000   0.72E-03    3   0  0  0
  575    4    7  A'       346.1927     346.1927       0.0000   0.56E-03    4   0  0  0
  576    5    7  A'       524.3104     524.3104      -0.0000   0.30E-03    5   0  0  0
  577    6    7  A'       741.1208     741.1207       0.0000   0.15E-03    6   0  0  0
  578    7    7  A'       772.0870     772.1028      -0.0159   0.46E-07    1   0  1  0
  579    8    7  A'       831.6552     831.6644      -0.0092   0.59E-07    2   0  1  0
  580    9    7  A'       931.0679     931.0659       0.0019   0.71E-07    3   0  1  0
  581   10    7  A'       996.1251     996.1247       0.0003   0.59E-04    7   0  0  0
  582   11    7  A'      1069.8915    1069.8756       0.0158   0.59E-07    4   0  1  0
  583   12    7  A'      1247.7842    1247.7533       0.0310   0.51E-07    5   0  1  0
  584   13    7  A'      1287.3343    1287.3477      -0.0133   0.65E-07    1   0  0  1
  585   14    7  A'      1349.2302    1349.2378      -0.0076   0.12E-07    2   0  0  1
  586   15    7  A'      1452.4940    1452.4911       0.0029   0.31E-07    3   0  0  1
  587   16    7  A'      1464.3217    1464.2763       0.0455   0.20E-07    6   0  1  0
  588   19    7  A'      1596.5883    1596.5705       0.0178   0.12E-07    4   0  0  1
  589   21    7  A'      1719.0071    1718.9496       0.0575   0.13E-07    7   0  1  0
  590   22    7  A'      1781.0613    1781.0227       0.0386   0.37E-07    5   0  0  1
  591   26    7  A'      2005.3619    2005.3010       0.0609   0.11E-07    6   0  0  1
  592   32    7  A'      2268.8525    2268.7634       0.0891   0.76E-08    7   0  0  1
  593   38    7  A'      2510.7349    2510.7030       0.0319   0.38E-07    1   0  0  2
  594   39    7  A'      2575.1664    2575.1529       0.0135   0.46E-07    2   0  0  2
  595   41    7  A'      2682.6028    2682.6182      -0.0154   0.24E-07    3   0  0  2
  596   45    7  A'      2832.3720    2832.4256      -0.0535   0.15E-07    4   0  0  2
  597   52    7  A'      3023.8769    3023.9745      -0.0976   0.11E-07    5   0  0  2
  598   58    7  A'      3256.3964    3256.5419      -0.1455   0.37E-08    6   0  0  2
  599   71    7  A'      3656.6561    3656.6111       0.0450   0.11E-07    1   1  0  0
  600   75    7  A'      3713.9137    3713.8643       0.0494   0.28E-08    2   1  0  0
  601   79    7  A'      3809.4901    3809.4364       0.0536   0.11E-07    3   1  0  0
  602   93    7  A'      4113.9877    4113.9292       0.0585   0.14E-08    5   1  0  0
  603  104    7  A'      4378.8069    4378.8005       0.0064   0.11E-07    1   1  1  0
  604  109    7  A'      4435.9943    4435.9883       0.0060   0.32E-07    2   1  1  0
  605  114    7  A'      4531.4497    4531.4488       0.0009   0.13E-07    3   1  1  0
  606  115    7  A'      4567.0472    4566.9962       0.0510   0.27E-08    7   1  0  0
  607  121    7  A'      4664.7459    4664.7566      -0.0107   0.80E-08    4   1  1  0
  608  129    7  A'      4835.5585    4835.5887      -0.0303   0.53E-08    5   1  1  0
  609  130    7  A'      4868.2564    4868.2354       0.0210   0.19E-07    1   1  0  1
  610  137    7  A'      4927.6095    4927.5779       0.0316   0.22E-07    2   1  0  1
  611  141    7  A'      5026.6361    5026.5991       0.0369   0.13E-07    3   1  0  1
  612  153    7  A'      5164.8107    5164.7748       0.0359   0.13E-07    4   1  0  1
  613  164    7  A'      5341.7095    5341.6815       0.0280   0.37E-08    5   1  0  1
  614  216    7  A'      6062.4729    6062.5997      -0.1268   0.24E-08    1   1  0  2
  615  223    7  A'      6124.2803    6124.3512      -0.0709   0.12E-08    2   1  0  2
  616  231    7  A'      6227.2019    6227.2736      -0.0717   0.12E-08    3   1  0  2
  617  244    7  A'      6370.6134    6370.7244      -0.1110   0.12E-08    4   1  0  2
  618  312    7  A'      7096.1806    7096.2147      -0.0341   0.25E-07    1   2  0  0
  619  319    7  A'      7151.0987    7151.1254      -0.0267   0.38E-07    2   2  0  0
  620  327    7  A'      7242.7978    7242.8123      -0.0145   0.23E-07    3   2  0  0
  621  342    7  A'      7370.8565    7370.8544       0.0021   0.64E-08    4   2  0  0
  622  365    7  A'      7534.9635    7534.9426       0.0209   0.63E-08    5   2  0  0
  623  386    7  A'      7734.7323    7734.6913       0.0410   0.62E-08    6   2  0  0
  624  817    7  A'     10367.8768   10367.8232       0.0535   0.41E-08    1   3  0  0
  625  825    7  A'     10420.5143   10420.4437       0.0706   0.55E-08    2   3  0  0
  626  848    7  A'     10508.4349   10508.3333       0.1016   0.42E-08    3   3  0  0
  627  873    7  A'     10631.2100   10631.0759       0.1342   0.35E-08    4   3  0  0
  628  911    7  A'     10788.5552   10788.3847       0.1706   0.14E-08    5   3  0  0
  629  955    7  A'     10980.0964   10979.8811       0.2153   0.14E-08    6   3  0  0
  630 1084    7  A'     11524.1217   11524.2226      -0.1009   0.29E-08    1   3  0  1
  631 1100    7  A'     11578.7795   11578.6018       0.1777   0.14E-07    2   3  0  1
  632 1118    7  A'     11669.2525   11669.4063      -0.1538   0.83E-09    3   3  0  1
  633 1158    7  A'     11796.0461   11796.1469      -0.1008   0.20E-08    4   3  0  1
  634 1256    7  A'     12155.8685   12155.8826      -0.0141   0.20E-08    6   3  0  1
  635 1404    7  A'     12659.2512   12659.2374       0.0138   0.11E-08    1   3  0  2
  636 1423    7  A'     12715.5630   12715.5180       0.0450   0.21E-08    2   3  0  2
  637 1446    7  A'     12809.5665   12809.5032       0.0634   0.61E-08    3   3  0  2
  638 1551    7  A'     13108.3651   13108.3012       0.0639   0.41E-08    5   3  0  2
  639 1667    7  A'     13472.2299   13472.2253       0.0046   0.93E-08    1   4  0  0
  640 1687    7  A'     13522.6514   13522.6438       0.0076   0.83E-08    2   4  0  0
  641 1720    7  A'     13606.9141   13606.8933       0.0207   0.12E-07    3   4  0  0
  642 1761    7  A'     13724.6142   13724.5961       0.0181   0.10E-07    4   4  0  0
  643 1812    7  A'     13875.5314   13875.5615      -0.0301   0.83E-09    5   4  0  0
  644 3073    7  A'     16642.6408   16642.5875       0.0533   0.20E-08    4   5  0  0
  645    1    7  A"        27.8687      27.8687      -0.0000   0.79E-03    0   0  0  0
  646    2    7  A"        47.6460      47.6460       0.0000   0.11E-02    1   0  0  0
  647    3    7  A"       107.6553     107.6553      -0.0000   0.11E-02    2   0  0  0
  648    4    7  A"       207.1933     207.1932       0.0001   0.68E-03    3   0  0  0
  649    5    7  A"       346.1928     346.1927       0.0000   0.63E-03    4   0  0  0
  650    6    7  A"       524.3104     524.3104      -0.0000   0.25E-03    5   0  0  0
  651    7    7  A"       741.1208     741.1207       0.0001   0.12E-03    6   0  0  0
  652    8    7  A"       751.9704     751.9893      -0.0189   0.42E-07    0   0  1  0
  653    9    7  A"       771.7230     771.7399      -0.0169   0.65E-07    1   0  1  0
  654   10    7  A"       831.6560     831.6652      -0.0092   0.68E-07    2   0  1  0
  655   11    7  A"       931.0679     931.0659       0.0020   0.55E-07    3   0  1  0
  656   12    7  A"       996.1250     996.1247       0.0003   0.65E-04    7   0  0  0
  657   13    7  A"      1069.8915    1069.8756       0.0159   0.81E-07    4   0  1  0
  658   14    7  A"      1247.7842    1247.7533       0.0310   0.35E-07    5   0  1  0
  659   15    7  A"      1266.4112    1266.4267      -0.0155   0.42E-07    0   0  0  1
  660   16    7  A"      1286.9335    1286.9474      -0.0139   0.65E-07    1   0  0  1
  661   17    7  A"      1349.2311    1349.2388      -0.0076   0.42E-07    2   0  0  1
  662   18    7  A"      1452.4939    1452.4911       0.0028   0.12E-07    3   0  0  1
  663   19    7  A"      1464.3218    1464.2763       0.0455   0.21E-07    6   0  1  0
  664   23    7  A"      1596.5882    1596.5705       0.0176   0.44E-07    4   0  0  1
  665   25    7  A"      1719.0071    1718.9496       0.0575   0.13E-07    7   0  1  0
  666   26    7  A"      1781.0615    1781.0227       0.0388   0.29E-07    5   0  0  1
  667   31    7  A"      2005.3618    2005.3010       0.0607   0.26E-07    6   0  0  1
  668   38    7  A"      2268.8525    2268.7634       0.0891   0.76E-08    7   0  0  1
  669   43    7  A"      2488.9331    2488.8955       0.0376   0.33E-07    0   0  0  2
  670   45    7  A"      2510.2965    2510.2659       0.0306   0.46E-07    1   0  0  2
  671   46    7  A"      2575.1672    2575.1539       0.0132   0.53E-07    2   0  0  2
  672   48    7  A"      2682.6030    2682.6182      -0.0152   0.24E-07    3   0  0  2
  673   53    7  A"      2832.3720    2832.4256      -0.0535   0.15E-07    4   0  0  2
  674   61    7  A"      3023.8770    3023.9745      -0.0975   0.11E-07    5   0  0  2
  675   68    7  A"      3256.3963    3256.5419      -0.1456   0.37E-08    6   0  0  2
  676   83    7  A"      3637.3048    3637.2589       0.0459   0.27E-08    0   1  0  0
  677   84    7  A"      3656.2802    3656.2352       0.0451   0.82E-08    1   1  0  0
  678   89    7  A"      3713.9143    3713.8652       0.0491   0.81E-08    2   1  0  0
  679  100    7  A"      3942.9565    3942.8998       0.0567   0.81E-08    4   1  0  0
  680  120    7  A"      4359.4751    4359.4713       0.0038   0.26E-07    0   1  1  0
  681  122    7  A"      4378.4290    4378.4268       0.0023   0.55E-08    1   1  1  0
  682  128    7  A"      4435.9953    4435.9892       0.0061   0.26E-07    2   1  1  0
  683  133    7  A"      4531.4496    4531.4488       0.0008   0.13E-07    3   1  1  0
  684  141    7  A"      4664.7459    4664.7566      -0.0107   0.80E-08    4   1  1  0
  685  150    7  A"      4835.5585    4835.5887      -0.0303   0.53E-08    5   1  1  0
  686  151    7  A"      4848.1697    4848.1549       0.0148   0.11E-07    0   1  0  1
  687  153    7  A"      4867.8419    4867.8229       0.0190   0.23E-07    1   1  0  1
  688  161    7  A"      4927.6107    4927.5789       0.0318   0.26E-07    2   1  0  1
  689  165    7  A"      5026.6363    5026.5991       0.0371   0.13E-07    3   1  0  1
  690  179    7  A"      5164.8107    5164.7748       0.0359   0.13E-07    4   1  0  1
  691  191    7  A"      5341.7095    5341.6815       0.0280   0.37E-08    5   1  0  1
  692  249    7  A"      6041.4849    6041.6600      -0.1751   0.24E-08    0   1  0  2
  693  253    7  A"      6062.0077    6062.1498      -0.1421   0.24E-08    1   1  0  2
  694  260    7  A"      6124.2811    6124.3523      -0.0712   0.12E-08    2   1  0  2
  695  269    7  A"      6227.2019    6227.2736      -0.0716   0.12E-08    3   1  0  2
  696  284    7  A"      6370.6134    6370.7244      -0.1110   0.12E-08    4   1  0  2
  697  358    7  A"      7077.5986    7077.6366      -0.0380   0.10E-07    0   2  0  0
  698  363    7  A"      7095.7918    7095.8272      -0.0354   0.31E-07    1   2  0  0
  699  371    7  A"      7151.0997    7151.1264      -0.0267   0.38E-07    2   2  0  0
  700  382    7  A"      7242.7979    7242.8123      -0.0143   0.23E-07    3   2  0  0
  701  398    7  A"      7370.8565    7370.8544       0.0022   0.64E-08    4   2  0  0
  702  424    7  A"      7534.9635    7534.9426       0.0209   0.63E-08    5   2  0  0
  703  448    7  A"      7734.7323    7734.6913       0.0410   0.62E-08    6   2  0  0
  704  941    7  A"     10350.0484   10350.0009       0.0475   0.28E-08    0   3  0  0
  705  948    7  A"     10367.4763   10367.4235       0.0527   0.41E-08    1   3  0  0
  706  958    7  A"     10420.5197   10420.4448       0.0749   0.55E-08    2   3  0  0
  707  982    7  A"     10508.4349   10508.3333       0.1016   0.42E-08    3   3  0  0
  708 1012    7  A"     10631.2101   10631.0759       0.1342   0.35E-08    4   3  0  0
  709 1055    7  A"     10788.5552   10788.3847       0.1706   0.14E-08    5   3  0  0
  710 1106    7  A"     10980.0964   10979.8811       0.2152   0.14E-08    6   3  0  0
  711 1247    7  A"     11505.6705   11505.7540      -0.0834   0.87E-09    0   3  0  1
  712 1256    7  A"     11523.6786   11523.7837      -0.1050   0.15E-08    1   3  0  1
  713 1274    7  A"     11578.8001   11578.6030       0.1971   0.40E-09    2   3  0  1
  714 1294    7  A"     11669.2526   11669.4063      -0.1537   0.83E-09    3   3  0  1
  715 1341    7  A"     11796.0462   11796.1469      -0.1007   0.20E-08    4   3  0  1
  716 1453    7  A"     12155.8685   12155.8826      -0.0141   0.20E-08    6   3  0  1
  717 1620    7  A"     12640.1245   12640.1256      -0.0010   0.11E-08    0   3  0  2
  718 1626    7  A"     12658.7721   12658.7557       0.0165   0.29E-08    1   3  0  2
  719 1646    7  A"     12715.5634   12715.5195       0.0440   0.21E-08    2   3  0  2
  720 1673    7  A"     12809.5666   12809.5032       0.0634   0.61E-08    3   3  0  2
  721 1796    7  A"     13108.3651   13108.3012       0.0639   0.41E-08    5   3  0  2
  722 1922    7  A"     13455.1270   13455.1305      -0.0035   0.36E-08    0   4  0  0
  723 1929    7  A"     13471.8122   13471.8133      -0.0011   0.10E-07    1   4  0  0
  724 1953    7  A"     13522.6531   13522.6450       0.0082   0.17E-07    2   4  0  0
  725 1990    7  A"     13606.9141   13606.8933       0.0208   0.10E-07    3   4  0  0
  726 2036    7  A"     13724.6114   13724.5961       0.0153   0.14E-07    4   4  0  0
  727 2094    7  A"     13875.5314   13875.5615      -0.0301   0.20E-08    5   4  0  0
  728 2184    7  A"     14059.3178   14059.7302      -0.4125   0.20E-08    6   4  0  0
  729 3642    7  A"     16788.0974   16788.1530      -0.0555   0.20E-08    5   5  0  0
  730    1    8  A'        35.8298      35.8299      -0.0000   0.83E-03    0   0  0  0
  731    2    8  A'        55.5548      55.5548      -0.0000   0.72E-03    1   0  0  0
  732    3    8  A'       115.6147     115.6148      -0.0000   0.91E-03    2   0  0  0
  733    4    8  A'       215.1491     215.1491       0.0000   0.73E-03    3   0  0  0
  734    5    8  A'       354.1439     354.1440      -0.0001   0.54E-03    4   0  0  0
  735    6    8  A'       532.2557     532.2559      -0.0002   0.23E-03    5   0  0  0
  736    7    8  A'       749.0589     749.0591      -0.0002   0.16E-03    6   0  0  0
  737    8    8  A'       759.8583     759.8682      -0.0099   0.46E-07    0   0  1  0
  738    9    8  A'       779.5587     779.5667      -0.0081   0.74E-07    1   0  1  0
  739   10    8  A'       839.5421     839.5424      -0.0003   0.76E-07    2   0  1  0
  740   11    8  A'       938.9505     938.9396       0.0109   0.71E-07    3   0  1  0
  741   12    8  A'      1004.0549    1004.0549       0.0000   0.10E-03    7   0  0  0
  742   13    8  A'      1077.7695    1077.7448       0.0248   0.81E-07    4   0  1  0
  743   14    8  A'      1255.6564    1255.6166       0.0397   0.51E-07    5   0  1  0
  744   15    8  A'      1274.3486    1274.3589      -0.0103   0.46E-07    0   0  0  1
  745   16    8  A'      1294.8136    1294.8222      -0.0086   0.56E-07    1   0  0  1
  746   17    8  A'      1296.6813    1296.6809       0.0005   0.34E-04    8   0  0  0
  747   18    8  A'      1357.1667    1357.1692      -0.0025   0.42E-07    2   0  0  1
  748   19    8  A'      1460.4255    1460.4174       0.0080   0.12E-07    3   0  0  1
  749   20    8  A'      1472.1868    1472.1328       0.0541   0.21E-07    6   0  1  0
  750   24    8  A'      1604.5148    1604.4919       0.0229   0.44E-07    4   0  0  1
  751   26    8  A'      1726.8640    1726.7980       0.0660   0.13E-07    7   0  1  0
  752   27    8  A'      1788.9811    1788.9363       0.0448   0.12E-07    5   0  0  1
  753   32    8  A'      2013.2741    2013.2084       0.0657   0.12E-07    6   0  0  1
  754   33    8  A'      2019.1278    2019.0543       0.0735   0.60E-08    8   0  1  0
  755   40    8  A'      2276.7557    2276.6618       0.0938   0.28E-07    7   0  0  1
  756   45    8  A'      2496.8488    2496.8006       0.0482   0.38E-07    0   0  0  2
  757   47    8  A'      2518.1494    2518.1084       0.0409   0.53E-07    1   0  0  2
  758   48    8  A'      2578.7241    2578.5967       0.1274   0.37E-08    8   0  0  1
  759   49    8  A'      2583.0806    2583.0572       0.0235   0.46E-07    2   0  0  2
  760   51    8  A'      2690.5114    2690.5169      -0.0054   0.24E-07    3   0  0  2
  761   57    8  A'      2840.2756    2840.3187      -0.0431   0.27E-07    4   0  0  2
  762   65    8  A'      3031.7733    3031.8608      -0.0875   0.11E-07    5   0  0  2
  763   72    8  A'      3264.2844    3264.4197      -0.1353   0.37E-08    6   0  0  2
  764   89    8  A'      3645.2538    3645.2042       0.0496   0.14E-08    0   1  0  0
  765   90    8  A'      3664.1780    3664.1266       0.0514   0.14E-08    1   1  0  0
  766   95    8  A'      3721.8610    3721.8090       0.0520   0.81E-08    2   1  0  0
  767  107    8  A'      3950.8950    3950.8357       0.0594   0.84E-08    4   1  0  0
  768  128    8  A'      4330.1056    4330.0432       0.0625   0.27E-08    6   1  0  0
  769  129    8  A'      4367.3503    4367.3362       0.0141   0.16E-07    0   1  1  0
  770  131    8  A'      4386.2534    4386.2381       0.0153   0.26E-07    1   1  1  0
  771  137    8  A'      4443.8683    4443.8526       0.0157   0.37E-07    2   1  1  0
  772  142    8  A'      4539.3194    4539.3087       0.0107   0.21E-07    3   1  1  0
  773  151    8  A'      4672.6115    4672.6121      -0.0007   0.80E-08    4   1  1  0
  774  162    8  A'      4843.4176    4843.4388      -0.0212   0.53E-08    5   1  1  0
  775  164    8  A'      4856.0936    4856.0706       0.0230   0.74E-08    0   1  0  1
  776  166    8  A'      4875.7080    4875.6796       0.0284   0.15E-07    1   1  0  1
  777  174    8  A'      4935.5328    4935.4931       0.0397   0.30E-07    2   1  0  1
  778  178    8  A'      5034.5548    5034.5093       0.0455   0.17E-07    3   1  0  1
  779  193    8  A'      5172.7232    5172.6801       0.0432   0.11E-07    4   1  0  1
  780  206    8  A'      5349.6151    5349.5806       0.0345   0.56E-08    5   1  0  1
  781  270    8  A'      6049.3881    6049.5483      -0.1602   0.24E-08    0   1  0  2
  782  274    8  A'      6069.8458    6069.9739      -0.1282   0.24E-08    1   1  0  2
  783  283    8  A'      6132.1799    6132.2389      -0.0591   0.12E-08    2   1  0  2
  784  292    8  A'      6235.1015    6235.1557      -0.0542   0.12E-08    3   1  0  2
  785  309    8  A'      6378.4991    6378.6011      -0.1021   0.12E-08    4   1  0  2
  786  390    8  A'      7085.5364    7085.5682      -0.0317   0.25E-07    0   2  0  0
  787  395    8  A'      7103.6736    7103.7034      -0.0298   0.31E-07    1   2  0  0
  788  404    8  A'      7159.0359    7159.0567      -0.0209   0.44E-07    2   2  0  0
  789  415    8  A'      7250.7305    7250.7391      -0.0086   0.19E-07    3   2  0  0
  790  434    8  A'      7378.7849    7378.7769       0.0080   0.19E-07    4   2  0  0
  791  462    8  A'      7542.8855    7542.8596       0.0259   0.63E-08    5   2  0  0
  792  489    8  A'      7742.6463    7742.6016       0.0448   0.62E-08    6   2  0  0
  793 1032    8  A'     10357.9751   10357.9220       0.0531   0.41E-08    0   3  0  0
  794 1040    8  A'     10375.3471   10375.2874       0.0597   0.55E-08    1   3  0  0
  795 1052    8  A'     10428.4470   10428.3596       0.0873   0.97E-08    2   3  0  0
  796 1078    8  A'     10516.3586   10516.2498       0.1088   0.48E-08    3   3  0  0
  797 1109    8  A'     10639.1297   10638.9881       0.1416   0.35E-08    4   3  0  0
  798 1156    8  A'     10796.4665   10796.2913       0.1752   0.91E-09    5   3  0  0
  799 1215    8  A'     10988.0038   10987.7814       0.2225   0.21E-08    6   3  0  0
  800 1274    8  A'     11213.2915   11213.0561       0.2354   0.69E-09    7   3  0  0
  801 1370    8  A'     11513.5601   11513.5763      -0.0162   0.17E-08    0   3  0  1
  802 1380    8  A'     11531.5138   11531.6095      -0.0957   0.18E-08    1   3  0  1
  803 1400    8  A'     11586.6198   11586.4912       0.1286   0.14E-07    2   3  0  1
  804 1424    8  A'     11677.1483   11677.2906      -0.1423   0.83E-09    3   3  0  1
  805 1472    8  A'     11803.9408   11804.0265      -0.0857   0.20E-08    4   3  0  1
  806 1528    8  A'     11966.2816   11966.3337      -0.0521   0.20E-08    5   3  0  1
  807 1597    8  A'     12163.7448   12163.7488      -0.0040   0.20E-08    6   3  0  1
  808 1780    8  A'     12648.0050   12647.9846       0.0204   0.41E-08    0   3  0  2
  809 1788    8  A'     12666.5833   12666.5442       0.0391   0.23E-08    1   3  0  2
  810 1810    8  A'     12723.4418   12723.3776       0.0641   0.20E-08    2   3  0  2
  811 1842    8  A'     12817.4436   12817.3570       0.0866   0.41E-08    3   3  0  2
  812 1974    8  A'     13116.2356   13116.1429       0.0927   0.20E-08    5   3  0  2
  813 2118    8  A'     13463.0511   13463.0440       0.0071   0.83E-08    0   4  0  0
  814 2124    8  A'     13479.6809   13479.6679       0.0129   0.83E-08    1   4  0  0
  815 2149    8  A'     13530.5758   13530.5574       0.0184   0.17E-07    2   4  0  0
  816 2188    8  A'     13614.8296   13614.8019       0.0277   0.14E-07    3   4  0  0
  817 2241    8  A'     13732.5279   13732.4998       0.0282   0.14E-07    4   4  0  0
  818 2308    8  A'     13883.4403   13883.4581      -0.0178   0.17E-08    5   4  0  0
  819 2405    8  A'     14067.4269   14067.6158      -0.1889   0.83E-09    6   4  0  0
  820 4021    8  A'     16796.0007   16796.0462      -0.0455   0.20E-08    5   5  0  0
  821    1    8  A"        56.0241      56.0241       0.0001   0.12E-02    1   0  0  0
  822    2    8  A"       115.6135     115.6134       0.0000   0.91E-03    2   0  0  0
  823    3    8  A"       215.1490     215.1491      -0.0001   0.78E-03    3   0  0  0
  824    4    8  A"       354.1439     354.1440      -0.0001   0.52E-03    4   0  0  0
  825    5    8  A"       532.2557     532.2559      -0.0002   0.31E-03    5   0  0  0
  826    6    8  A"       749.0589     749.0591      -0.0002   0.14E-03    6   0  0  0
  827    7    8  A"       780.0265     780.0333      -0.0068   0.56E-07    1   0  1  0
  828    8    8  A"       839.5409     839.5411      -0.0001   0.68E-07    2   0  1  0
  829    9    8  A"       938.9504     938.9396       0.0108   0.79E-07    3   0  1  0
  830   10    8  A"      1004.0549    1004.0549      -0.0000   0.10E-03    7   0  0  0
  831   11    8  A"      1077.7696    1077.7448       0.0248   0.59E-07    4   0  1  0
  832   12    8  A"      1255.6563    1255.6166       0.0397   0.66E-07    5   0  1  0
  833   13    8  A"      1295.3287    1295.3368      -0.0080   0.65E-07    1   0  0  1
  834   14    8  A"      1296.6814    1296.6809       0.0005   0.34E-04    8   0  0  0
  835   15    8  A"      1357.1654    1357.1677      -0.0023   0.12E-07    2   0  0  1
  836   16    8  A"      1460.4256    1460.4174       0.0081   0.47E-07    3   0  0  1
  837   17    8  A"      1472.1868    1472.1328       0.0541   0.21E-07    6   0  1  0
  838   20    8  A"      1604.5148    1604.4919       0.0229   0.12E-07    4   0  0  1
  839   22    8  A"      1726.8639    1726.7980       0.0659   0.13E-07    7   0  1  0
  840   23    8  A"      1788.9810    1788.9363       0.0447   0.37E-07    5   0  0  1
  841   27    8  A"      2013.2741    2013.2084       0.0657   0.12E-07    6   0  0  1
  842   28    8  A"      2019.1278    2019.0543       0.0735   0.60E-08    8   0  1  0
  843   34    8  A"      2276.7556    2276.6618       0.0937   0.11E-07    7   0  0  1
  844   40    8  A"      2518.7129    2518.6703       0.0425   0.46E-07    1   0  0  2
  845   41    8  A"      2578.7241    2578.5967       0.1274   0.37E-08    8   0  0  1
  846   42    8  A"      2583.0793    2583.0554       0.0239   0.38E-07    2   0  0  2
  847   44    8  A"      2690.5115    2690.5169      -0.0054   0.24E-07    3   0  0  2
  848   49    8  A"      2840.2756    2840.3187      -0.0431   0.27E-07    4   0  0  2
  849   56    8  A"      3031.7733    3031.8608      -0.0875   0.11E-07    5   0  0  2
  850   62    8  A"      3264.2844    3264.4197      -0.1352   0.38E-08    6   0  0  2
  851   77    8  A"      3664.6582    3664.6099       0.0483   0.54E-08    1   1  0  0
  852   81    8  A"      3721.8592    3721.8075       0.0516   0.28E-08    2   1  0  0
  853   85    8  A"      3817.4307    3817.3767       0.0540   0.82E-08    3   1  0  0
  854  102    8  A"      4121.9206    4121.8594       0.0612   0.35E-08    5   1  0  0
  855  113    8  A"      4386.7352    4386.7186       0.0166   0.16E-07    1   1  1  0
  856  118    8  A"      4443.8673    4443.8512       0.0162   0.11E-07    2   1  1  0
  857  123    8  A"      4539.3193    4539.3087       0.0106   0.21E-07    3   1  1  0
  858  125    8  A"      4574.9662    4574.9115       0.0546   0.27E-08    7   1  0  0
  859  131    8  A"      4672.6115    4672.6121      -0.0007   0.80E-08    4   1  1  0
  860  141    8  A"      4843.4176    4843.4388      -0.0212   0.53E-08    5   1  1  0
  861  143    8  A"      4876.2406    4876.2098       0.0308   0.11E-07    1   1  0  1
  862  150    8  A"      4935.5308    4935.4914       0.0394   0.26E-07    2   1  0  1
  863  154    8  A"      5034.5546    5034.5093       0.0453   0.17E-07    3   1  0  1
  864  167    8  A"      5172.7232    5172.6801       0.0431   0.11E-07    4   1  0  1
  865  179    8  A"      5349.6151    5349.5806       0.0345   0.56E-08    5   1  0  1
  866  237    8  A"      6070.4427    6070.5523      -0.1096   0.11E-08    1   1  0  2
  867  246    8  A"      6132.1785    6132.2370      -0.0585   0.12E-08    2   1  0  2
  868  254    8  A"      6235.1015    6235.1557      -0.0542   0.12E-08    3   1  0  2
  869  269    8  A"      6378.4991    6378.6011      -0.1021   0.12E-08    4   1  0  2
  870  344    8  A"      7104.1733    7104.2015      -0.0282   0.36E-07    1   2  0  0
  871  352    8  A"      7159.0345    7159.0551      -0.0206   0.44E-07    2   2  0  0
  872  360    8  A"      7250.7300    7250.7391      -0.0091   0.19E-07    3   2  0  0
  873  378    8  A"      7378.7848    7378.7769       0.0079   0.19E-07    4   2  0  0
  874  403    8  A"      7542.8855    7542.8596       0.0259   0.63E-08    5   2  0  0
  875  427    8  A"      7742.6464    7742.6016       0.0448   0.63E-08    6   2  0  0
  876  909    8  A"     10375.8645   10375.8013       0.0632   0.55E-08    1   3  0  0
  877  919    8  A"     10428.4476   10428.3577       0.0899   0.69E-08    2   3  0  0
  878  944    8  A"     10516.3584   10516.2498       0.1086   0.48E-08    3   3  0  0
  879  970    8  A"     10639.1297   10638.9881       0.1416   0.35E-08    4   3  0  0
  880 1012    8  A"     10796.4665   10796.2913       0.1752   0.91E-09    5   3  0  0
  881 1064    8  A"     10988.0038   10987.7814       0.2225   0.21E-08    6   3  0  0
  882 1117    8  A"     11213.2915   11213.0561       0.2355   0.69E-09    7   3  0  0
  883 1208    8  A"     11532.0965   11532.1739      -0.0774   0.41E-08    1   3  0  1
  884 1226    8  A"     11586.6177   11586.4891       0.1286   0.14E-07    2   3  0  1
  885 1248    8  A"     11677.1483   11677.2906      -0.1423   0.83E-09    3   3  0  1
  886 1289    8  A"     11803.9407   11804.0265      -0.0857   0.20E-08    4   3  0  1
  887 1337    8  A"     11966.2816   11966.3337      -0.0521   0.20E-08    5   3  0  1
  888 1400    8  A"     12163.7448   12163.7488      -0.0040   0.20E-08    6   3  0  1
  889 1566    8  A"     12667.1871   12667.1636       0.0235   0.54E-09    1   3  0  2
  890 1587    8  A"     12723.4397   12723.3752       0.0645   0.21E-08    2   3  0  2
  891 1615    8  A"     12817.4435   12817.3570       0.0865   0.41E-08    3   3  0  2
  892 1729    8  A"     13116.2356   13116.1429       0.0927   0.20E-08    5   3  0  2
  893 1862    8  A"     13480.2051   13480.1976       0.0075   0.91E-08    1   4  0  0
  894 1883    8  A"     13530.5751   13530.5554       0.0197   0.10E-07    2   4  0  0
  895 1918    8  A"     13614.8310   13614.8019       0.0291   0.19E-07    3   4  0  0
  896 1966    8  A"     13732.5223   13732.4998       0.0225   0.36E-08    4   4  0  0
  897 2026    8  A"     13883.4405   13883.4581      -0.0177   0.33E-08    5   4  0  0
  898 3370    8  A"     16536.0828   16536.3185      -0.2357   0.20E-08    3   5  0  0
  899 3438    8  A"     16650.5379   16650.4783       0.0596   0.20E-08    4   5  0  0
  900 3531    8  A"     16796.0066   16796.0462      -0.0396   0.20E-08    5   5  0  0
  901    1    9  A'        65.0382      65.0381       0.0001   0.84E-03    1   0  0  0
  902    2    9  A'       124.5667     124.5667      -0.0000   0.98E-03    2   0  0  0
  903    3    9  A'       224.0988     224.0989      -0.0001   0.80E-03    3   0  0  0
  904    4    9  A'       363.0884     363.0886      -0.0002   0.67E-03    4   0  0  0
  905    5    9  A'       541.1936     541.1939      -0.0004   0.44E-03    5   0  0  0
  906    6    9  A'       757.9888     757.9893      -0.0004   0.20E-03    6   0  0  0
  907    7    9  A'       788.9580     788.9544       0.0036   0.74E-07    1   0  1  0
  908    8    9  A'       848.4117     848.4018       0.0099   0.76E-07    2   0  1  0
  909    9    9  A'       947.8178     947.7969       0.0209   0.63E-07    3   0  1  0
  910   10    9  A'      1012.9755    1012.9759      -0.0004   0.84E-04    7   0  0  0
  911   11    9  A'      1086.6316    1086.5970       0.0346   0.71E-07    4   0  1  0
  912   12    9  A'      1264.5119    1264.4624       0.0495   0.63E-07    5   0  1  0
  913   13    9  A'      1304.3220    1304.3239      -0.0019   0.56E-07    1   0  0  1
  914   14    9  A'      1305.5912    1305.5913      -0.0000   0.51E-04    8   0  0  0
  915   15    9  A'      1366.0918    1366.0882       0.0036   0.12E-07    2   0  0  1
  916   16    9  A'      1469.3480    1469.3341       0.0139   0.47E-07    3   0  0  1
  917   17    9  A'      1481.0345    1480.9707       0.0637   0.28E-07    6   0  1  0
  918   20    9  A'      1613.4315    1613.4029       0.0287   0.12E-07    4   0  0  1
  919   21    9  A'      1635.2196    1635.2188       0.0008   0.31E-04    9   0  0  0
  920   23    9  A'      1735.7023    1735.6269       0.0754   0.21E-07    7   0  1  0
  921   24    9  A'      1797.8902    1797.8381       0.0521   0.39E-07    5   0  0  1
  922   28    9  A'      2022.1747    2022.1036       0.0711   0.12E-07    6   0  0  1
  923   29    9  A'      2027.9557    2027.8729       0.0829   0.60E-08    8   0  1  0
  924   35    9  A'      2285.6460    2285.5470       0.0990   0.11E-07    7   0  0  1
  925   42    9  A'      2527.6876    2527.6329       0.0547   0.46E-07    1   0  0  2
  926   43    9  A'      2587.6030    2587.4705       0.1325   0.75E-08    8   0  0  1
  927   44    9  A'      2591.9808    2591.9452       0.0357   0.38E-07    2   0  0  2
  928   46    9  A'      2699.4087    2699.4024       0.0063   0.15E-07    3   0  0  2
  929   51    9  A'      2849.1662    2849.1979      -0.0316   0.20E-07    4   0  0  2
  930   55    9  A'      2927.2904    2927.1178       0.1726   0.37E-08    9   0  0  1
  931   59    9  A'      3040.6561    3040.7323      -0.0762   0.15E-07    5   0  0  2
  932   66    9  A'      3273.1571    3273.2816      -0.1245   0.77E-08    6   0  0  2
  933   82    9  A'      3673.6594    3673.6079       0.0514   0.27E-08    1   1  0  0
  934   86    9  A'      3730.7957    3730.7431       0.0526   0.14E-08    2   1  0  0
  935   91    9  A'      3826.3689    3826.3089       0.0599   0.54E-08    3   1  0  0
  936  108    9  A'      4130.8460    4130.7803       0.0657   0.80E-08    5   1  0  0
  937  121    9  A'      4395.6544    4395.6258       0.0285   0.26E-07    1   1  1  0
  938  126    9  A'      4452.7241    4452.6963       0.0277   0.37E-07    2   1  1  0
  939  132    9  A'      4548.1725    4548.1505       0.0219   0.19E-07    3   1  1  0
  940  135    9  A'      4583.8783    4583.8158       0.0624   0.26E-08    7   1  0  0
  941  140    9  A'      4681.4585    4681.4491       0.0094   0.11E-07    4   1  1  0
  942  150    9  A'      4852.2592    4852.2695      -0.0102   0.53E-08    5   1  1  0
  943  152    9  A'      4885.2193    4885.1804       0.0389   0.22E-07    1   1  0  1
  944  160    9  A'      4944.4429    4944.3935       0.0494   0.22E-07    2   1  0  1
  945  165    9  A'      5043.4623    5043.4077       0.0546   0.17E-07    3   1  0  1
  946  180    9  A'      5181.6254    5181.5730       0.0524   0.15E-07    4   1  0  1
  947  192    9  A'      5358.5098    5358.4666       0.0432   0.75E-08    5   1  0  1
  948  255    9  A'      6079.3964    6079.4983      -0.1019   0.24E-08    1   1  0  2
  949  264    9  A'      6141.0658    6141.1080      -0.0421   0.12E-08    2   1  0  2
  950  273    9  A'      6243.9829    6244.0225      -0.0396   0.12E-08    3   1  0  2
  951  290    9  A'      6387.3745    6387.4619      -0.0873   0.61E-09    4   1  0  2
  952  373    9  A'      7113.1651    7113.1861      -0.0210   0.35E-07    1   2  0  0
  953  382    9  A'      7167.9608    7167.9754      -0.0147   0.44E-07    2   2  0  0
  954  390    9  A'      7259.6541    7259.6562      -0.0021   0.23E-07    3   2  0  0
  955  409    9  A'      7387.7028    7387.6891       0.0136   0.19E-07    4   2  0  0
  956  436    9  A'      7551.7981    7551.7657       0.0324   0.94E-08    5   2  0  0
  957  464    9  A'      7751.5516    7751.5000       0.0516   0.63E-08    6   2  0  0
  958  991    9  A'     10384.8495   10384.7760       0.0735   0.41E-08    1   3  0  0
  959 1003    9  A'     10437.3635   10437.2725       0.0910   0.35E-08    2   3  0  0
  960 1029    9  A'     10525.2724   10525.1553       0.1172   0.42E-08    3   3  0  0
  961 1058    9  A'     10648.0414   10647.8889       0.1525   0.28E-08    4   3  0  0
  962 1106    9  A'     10805.3720   10805.1857       0.1863   0.28E-08    5   3  0  0
  963 1162    9  A'     10996.9013   10996.6686       0.2327   0.21E-08    6   3  0  0
  964 1321    9  A'     11541.0446   11541.1181      -0.0735   0.30E-08    1   3  0  1
  965 1340    9  A'     11595.4611   11595.3618       0.0993   0.14E-07    2   3  0  1
  966 1408    9  A'     11812.8219   11812.8906      -0.0687   0.20E-08    4   3  0  1
  967 1465    9  A'     11975.1569   11975.1908      -0.0340   0.20E-08    5   3  0  1
  968 1531    9  A'     12172.6069   12172.5977       0.0093   0.20E-08    6   3  0  1
  969 1716    9  A'     12676.1292   12676.0798       0.0493   0.41E-08    1   3  0  2
  970 1740    9  A'     12732.3003   12732.2140       0.0863   0.41E-08    2   3  0  2
  971 1767    9  A'     12826.2942   12826.1920       0.1021   0.16E-08    3   3  0  2
  972 1896    9  A'     13125.0776   13124.9642       0.1134   0.26E-08    5   3  0  2
  973 2041    9  A'     13489.1907   13489.1658       0.0249   0.12E-07    1   4  0  0
  974 2062    9  A'     13539.4805   13539.4554       0.0251   0.12E-07    2   4  0  0
  975 2102    9  A'     13623.7414   13623.6985       0.0430   0.16E-07    3   4  0  0
  976 2157    9  A'     13741.4298   13741.3909       0.0389   0.10E-07    4   4  0  0
  977 2221    9  A'     13892.3301   13892.3413      -0.0112   0.10E-07    5   4  0  0
  978 3705    9  A'     16544.9573   16545.1763      -0.2189   0.21E-08    3   5  0  0
  979 3783    9  A'     16659.4314   16659.3550       0.0764   0.20E-08    4   5  0  0
  980 3884    9  A'     16804.8869   16804.9255      -0.0386   0.20E-08    5   5  0  0
  981    1    9  A"        44.7855      44.7854       0.0000   0.65E-03    0   0  0  0
  982    2    9  A"        64.4516      64.4516       0.0000   0.76E-03    1   0  0  0
  983    3    9  A"       124.5688     124.5688      -0.0000   0.84E-03    2   0  0  0
  984    4    9  A"       224.0988     224.0989      -0.0001   0.77E-03    3   0  0  0
  985    5    9  A"       363.0884     363.0886      -0.0002   0.63E-03    4   0  0  0
  986    6    9  A"       541.1936     541.1939      -0.0004   0.43E-03    5   0  0  0
  987    7    9  A"       757.9889     757.9893      -0.0004   0.20E-03    6   0  0  0
  988    8    9  A"       768.7315     768.7312       0.0003   0.46E-07    0   0  1  0
  989    9    9  A"       788.3733     788.3713       0.0020   0.68E-07    1   0  1  0
  990   10    9  A"       848.4138     848.4038       0.0099   0.76E-07    2   0  1  0
  991   11    9  A"       947.8179     947.7969       0.0210   0.63E-07    3   0  1  0
  992   12    9  A"      1012.9754    1012.9759      -0.0004   0.93E-04    7   0  0  0
  993   13    9  A"      1086.6316    1086.5970       0.0346   0.79E-07    4   0  1  0
  994   14    9  A"      1264.5118    1264.4624       0.0494   0.44E-07    5   0  1  0
  995   15    9  A"      1283.2774    1283.2819      -0.0045   0.46E-07    0   0  0  1
  996   16    9  A"      1303.6781    1303.6808      -0.0027   0.42E-07    1   0  0  1
  997   17    9  A"      1305.5912    1305.5913      -0.0000   0.51E-04    8   0  0  0
  998   18    9  A"      1366.0942    1366.0906       0.0036   0.12E-07    2   0  0  1
  999   19    9  A"      1469.3480    1469.3341       0.0139   0.12E-07    3   0  0  1
 1000   20    9  A"      1481.0345    1480.9707       0.0638   0.29E-07    6   0  1  0
 1001   24    9  A"      1613.4314    1613.4029       0.0286   0.31E-07    4   0  0  1
 1002   25    9  A"      1635.2196    1635.2188       0.0008   0.31E-04    9   0  0  0
 1003   27    9  A"      1735.7023    1735.6269       0.0754   0.20E-07    7   0  1  0
 1004   28    9  A"      1797.8883    1797.8381       0.0502   0.29E-07    5   0  0  1
 1005   33    9  A"      2022.1747    2022.1036       0.0711   0.37E-07    6   0  0  1
 1006   34    9  A"      2027.9558    2027.8729       0.0829   0.63E-08    8   0  1  0
 1007   41    9  A"      2285.6460    2285.5470       0.0990   0.11E-07    7   0  0  1
 1008   47    9  A"      2505.7529    2505.6932       0.0597   0.38E-07    0   0  0  2
 1009   49    9  A"      2526.9835    2526.9306       0.0528   0.53E-07    1   0  0  2
 1010   50    9  A"      2587.6030    2587.4705       0.1324   0.75E-08    8   0  0  1
 1011   51    9  A"      2591.9833    2591.9479       0.0354   0.43E-07    2   0  0  2
 1012   53    9  A"      2699.4086    2699.4024       0.0062   0.15E-07    3   0  0  2
 1013   59    9  A"      2849.1662    2849.1979      -0.0316   0.19E-07    4   0  0  2
 1014   64    9  A"      2927.2904    2927.1178       0.1727   0.37E-08    9   0  0  1
 1015   68    9  A"      3040.6561    3040.7323      -0.0762   0.15E-07    5   0  0  2
 1016   76    9  A"      3273.1572    3273.2816      -0.1245   0.76E-08    6   0  0  2
 1017   94    9  A"      3654.1943    3654.1419       0.0524   0.14E-08    0   1  0  0
 1018   95    9  A"      3673.0572    3673.0039       0.0533   0.54E-08    1   1  0  0
 1019  100    9  A"      3730.7997    3730.7454       0.0543   0.81E-08    2   1  0  0
 1020  113    9  A"      3959.8266    3959.7629       0.0637   0.54E-08    4   1  0  0
 1021  135    9  A"      4339.0222    4338.9564       0.0658   0.27E-08    6   1  0  0
 1022  137    9  A"      4376.2096    4376.1834       0.0262   0.20E-07    0   1  1  0
 1023  139    9  A"      4395.0516    4395.0252       0.0264   0.15E-07    1   1  1  0
 1024  145    9  A"      4452.7260    4452.6986       0.0274   0.35E-07    2   1  1  0
 1025  151    9  A"      4548.1730    4548.1505       0.0224   0.19E-07    3   1  1  0
 1026  160    9  A"      4681.4586    4681.4491       0.0095   0.11E-07    4   1  1  0
 1027  171    9  A"      4852.2592    4852.2695      -0.0102   0.53E-08    5   1  1  0
 1028  172    9  A"      4864.8749    4864.8211       0.0539   0.14E-08    8   1  0  0
 1029  173    9  A"      4865.0090    4864.9750       0.0341   0.18E-07    0   1  0  1
 1030  175    9  A"      4884.5550    4884.5177       0.0373   0.26E-07    1   1  0  1
 1031  184    9  A"      4944.4452    4944.3961       0.0491   0.26E-07    2   1  0  1
 1032  189    9  A"      5043.4626    5043.4077       0.0549   0.17E-07    3   1  0  1
 1033  206    9  A"      5181.6254    5181.5730       0.0525   0.15E-07    4   1  0  1
 1034  219    9  A"      5358.5098    5358.4666       0.0432   0.75E-08    5   1  0  1
 1035  288    9  A"      6058.2761    6058.4218      -0.1458   0.24E-08    0   1  0  2
 1036  292    9  A"      6078.6613    6078.7755      -0.1142   0.24E-08    1   1  0  2
 1037  301    9  A"      6141.0680    6141.1110      -0.0430   0.12E-08    2   1  0  2
 1038  311    9  A"      6243.9829    6244.0225      -0.0396   0.12E-08    3   1  0  2
 1039  330    9  A"      6387.3745    6387.4619      -0.0873   0.61E-09    4   1  0  2
 1040  418    9  A"      7094.4657    7094.4905      -0.0248   0.17E-07    0   2  0  0
 1041  424    9  A"      7112.5403    7112.5635      -0.0232   0.36E-07    1   2  0  0
 1042  434    9  A"      7167.9633    7167.9780      -0.0147   0.42E-07    2   2  0  0
 1043  445    9  A"      7259.6545    7259.6562      -0.0017   0.23E-07    3   2  0  0
 1044  465    9  A"      7387.7028    7387.6891       0.0136   0.19E-07    4   2  0  0
 1045  495    9  A"      7551.7980    7551.7657       0.0323   0.94E-08    5   2  0  0
 1046  526    9  A"      7751.5516    7751.5000       0.0516   0.62E-08    6   2  0  0
 1047 1114    9  A"     10366.8982   10366.8323       0.0658   0.55E-08    0   3  0  0
 1048 1122    9  A"     10384.2025   10384.1337       0.0687   0.41E-08    1   3  0  0
 1049 1136    9  A"     10437.3647   10437.2753       0.0894   0.97E-08    2   3  0  0
 1050 1163    9  A"     10525.2723   10525.1553       0.1170   0.42E-08    3   3  0  0
 1051 1197    9  A"     10648.0414   10647.8889       0.1525   0.28E-08    4   3  0  0
 1052 1250    9  A"     10805.3720   10805.1857       0.1863   0.28E-08    5   3  0  0
 1053 1313    9  A"     10996.9012   10996.6686       0.2326   0.21E-08    6   3  0  0
 1054 1483    9  A"     11522.4575   11522.2330       0.2245   0.41E-08    0   3  0  1
 1055 1493    9  A"     11540.3285   11540.4127      -0.0842   0.23E-08    1   3  0  1
 1056 1514    9  A"     11595.4642   11595.3651       0.0991   0.14E-07    2   3  0  1
 1057 1538    9  A"     11686.0291   11686.1599      -0.1308   0.83E-09    3   3  0  1
 1058 1591    9  A"     11812.8219   11812.8906      -0.0687   0.20E-08    4   3  0  1
 1059 1656    9  A"     11975.1569   11975.1908      -0.0340   0.20E-08    5   3  0  1
 1060 1728    9  A"     12172.6069   12172.5977       0.0092   0.20E-08    6   3  0  1
 1061 1930    9  A"     12656.8710   12656.8252       0.0458   0.41E-08    0   3  0  2
 1062 1938    9  A"     12675.3690   12675.3055       0.0635   0.41E-08    1   3  0  2
 1063 1963    9  A"     12732.3024   12732.2178       0.0846   0.41E-08    2   3  0  2
 1064 1995    9  A"     12826.2942   12826.1920       0.1022   0.15E-08    3   3  0  2
 1065 2141    9  A"     13125.0765   13124.9642       0.1123   0.28E-08    5   3  0  2
 1066 2296    9  A"     13471.9660   13471.9458       0.0202   0.83E-08    0   4  0  0
 1067 2302    9  A"     13488.5213   13488.5038       0.0175   0.10E-07    1   4  0  0
 1068 2328    9  A"     13539.4841   13539.4585       0.0256   0.16E-07    2   4  0  0
 1069 2372    9  A"     13623.7408   13623.6985       0.0424   0.12E-07    3   4  0  0
 1070 2432    9  A"     13741.4257   13741.3909       0.0348   0.11E-07    4   4  0  0
 1071 2504    9  A"     13892.3293   13892.3413      -0.0120   0.82E-08    5   4  0  0
 1072 2608    9  A"     14076.3059   14076.4865      -0.1806   0.41E-08    6   4  0  0
 1073 4374    9  A"     16804.8956   16804.9255      -0.0299   0.20E-08    5   5  0  0